SW-DBSCAN/aspect.asc
ncols        791
nrows        808
xllcorner    449806.000000000000
yllcorner    4609726.000000000000
cellsize     30.000000000000
NODATA_value  -9999
[rows 645 to 687 of 808, columns 672 to 767 of 791]
72 73 83 86 90 89 91 93 113 176 180 182 171 161 151 133 113 54 38 61 88 88 83 64 59 66 65 253 249 253 259 258 258 253 243 240 250 262 316 313 305 302 309 312 315 311 301 301 296 274 268 265 273 187 155 6 304 336 351 350 335 322 320 333 282 323 3 357 6 23 30 23 12 7 18 30 35 32 30 5 354 351 241 250 241 200 214 216 203 209 226 219 211 233 242 240
96 82 83 101 96 93 93 91 96 131 141 168 168 110 120 120 116 27 24 53 79 90 82 65 65 63 64 0 257 253 256 250 246 243 240 280 280 294 298 307 312 310 283 287 297 301 285 288 283 249 249 233 203 202 214 252 274 274 298 333 214 214 237 259 241 246 272 222 261 13 28 56 30 14 174 127 67 50 104 104 97 184 191 196 191 211 218 205 196 220 229 212 238 256 258 261
149 121 108 117 109 100 115 104 98 98 99 93 96 15 25 33 37 26 45 73 86 89 82 74 62 59 52 45 0 250 250 255 255 256 261 286 289 292 298 277 281 283 260 265 272 280 261 258 250 240 235 235 211 196 215 235 255 270 271 262 178 184 208 234 232 225 218 214 219 213 138 171 169 169 177 184 182 167 170 162 163 173 188 192 194 222 214 192 194 231 230 219 238 259 259 255
144 141 126 133 131 129 119 118 113 106 55 30 16 15 25 31 29 53 75 85 88 85 80 70 67 59 53 41 70 70 256 255 258 269 279 279 279 276 274 260 259 259 260 262 264 264 252 244 241 238 236 220 198 210 237 254 265 264 235 188 175 187 216 235 222 216 212 212 218 222 209 187 175 176 181 186 190 183 174 165 162 170 186 193 206 222 202 186 186 222 239 234 239 251 249 249
104 119 133 98 108 117 63 69 75 74 20 7 3 11 33 42 43 88 88 90 87 81 81 80 68 63 57 53 64 66 258 254 259 266 274 272 271 267 263 253 251 254 264 267 265 261 243 243 248 247 213 200 197 242 257 262 265 245 184 170 173 173 202 227 218 212 210 211 234 234 212 173 169 176 181 189 199 191 173 169 165 169 173 185 197 215 208 194 194 234 236 235 245 264 267 275
84 79 86 49 55 60 63 46 48 40 12 359 359 358 32 60 72 96 94 88 83 78 78 76 68 68 64 63 57 68 67 258 265 265 266 271 268 263 259 248 254 259 264 262 256 250 239 249 254 241 193 192 215 266 268 268 266 258 209 162 161 175 219 229 208 206 213 223 251 243 207 160 162 173 180 198 198 205 190 173 174 171 177 188 202 214 202 199 213 236 240 251 261 288 295 301
44 43 45 45 45 44 44 46 47 48 31 6 353 359 77 90 94 91 87 82 78 73 74 73 68 71 68 68 68 64 72 65 274 269 270 266 262 255 249 259 264 265 265 246 237 235 253 256 245 245 196 194 215 266 266 265 265 250 175 152 153 184 225 221 205 213 235 248 259 242 242 174 155 156 171 198 208 199 181 174 178 174 179 192 202 207 208 213 229 255 262 262 274 286 293 298
39 34 38 53 52 48 47 52 52 49 25 3 357 25 93 94 94 91 85 78 74 70 70 73 75 76 0 71 71 78 79 73 267 265 266 266 258 252 253 267 266 263 256 240 234 236 278 274 256 220 196 222 255 266 254 257 261 234 155 143 148 192 221 212 208 217 240 258 266 258 222 174 155 153 171 213 209 184 172 173 182 176 183 197 205 205 264 264 259 257 292 282 281 285 286 286
39 40 48 55 55 53 52 59 56 47 25 15 33 80 91 91 91 92 87 81 74 63 70 76 77 71 0 71 71 75 76 79 258 261 260 261 257 257 257 265 263 259 251 243 255 271 278 264 221 193 220 249 258 256 246 252 254 215 215 151 136 142 195 214 221 247 263 267 263 235 188 167 153 152 180 221 199 169 163 156 170 184 196 210 238 256 315 323 322 309 322 304 290 292 278 272
44 46 50 52 56 59 59 64 59 59 46 54 65 87 99 89 88 89 73 66 61 62 71 75 74 69 63 71 71 69 74 74 77 264 259 258 257 258 262 254 250 245 241 272 283 287 284 210 187 190 237 243 243 241 244 245 244 242 213 148 135 145 192 209 221 264 268 269 244 200 174 164 148 148 153 211 218 185 161 150 167 190 196 292 304 309 312 322 330 331 327 320 307 316 302 302
54 52 49 49 63 67 69 76 73 66 56 104 117 116 111 87 83 79 61 55 53 62 74 74 73 77 74 63 63 56 59 64 69 0 258 257 253 255 255 254 246 250 259 280 279 270 270 205 186 183 225 235 237 240 249 244 243 242 203 141 133 146 192 220 249 267 266 266 249 222 186 170 157 145 159 211 210 175 156 151 172 228 265 302 306 307 308 310 319 319 315 316 319 318 321 326
94 80 69 62 96 89 84 102 97 93 94 119 131 140 152 94 78 68 61 61 56 59 72 75 77 80 75 58 55 45 45 57 64 72 250 253 250 247 244 243 250 261 270 271 266 253 231 191 181 194 234 241 248 251 269 272 273 264 157 136 131 133 148 211 250 267 265 260 234 209 184 170 154 151 177 218 199 170 154 158 219 273 289 281 294 305 306 311 312 313 311 306 305 310 305 319
138 125 117 107 124 113 107 123 120 117 115 120 120 135 160 183 137 84 81 67 61 66 70 76 79 81 73 57 53 29 37 56 64 71 71 249 255 251 244 242 267 273 274 251 237 220 205 188 185 209 234 265 269 268 299 299 300 293 188 144 136 136 165 244 265 261 259 252 234 200 182 167 151 158 197 217 193 193 170 154 186 262 275 277 283 295 306 306 315 318 312 302 296 297 294 301
150 144 140 135 131 124 124 122 122 123 121 113 117 132 166 186 184 122 77 63 61 65 68 76 81 80 72 57 57 42 30 41 56 77 79 0 260 257 253 257 269 268 262 227 215 203 195 198 210 210 244 299 297 297 304 299 291 271 164 140 135 142 200 251 260 255 252 239 218 194 179 179 159 150 167 210 206 190 171 171 249 274 277 285 284 288 297 294 302 313 314 308 308 301 293 288
142 147 143 142 138 135 128 122 115 109 111 94 95 104 140 139 207 175 74 57 56 61 64 70 77 80 78 73 57 48 45 56 70 82 82 83 271 264 261 265 257 250 240 240 212 202 196 223 255 286 298 305 309 308 287 266 244 211 164 138 133 142 215 242 249 253 255 246 225 199 188 174 157 151 176 212 201 188 176 171 293 288 286 299 294 290 290 295 295 299 305 305 301 297 263 261
142 140 140 140 142 142 140 128 114 92 92 87 80 74 79 81 81 206 230 205 79 63 93 86 84 82 80 74 61 55 56 65 77 76 86 81 271 278 270 262 250 244 235 223 204 200 207 280 285 290 298 298 303 300 287 222 211 197 168 168 135 130 151 220 244 261 252 231 211 194 182 170 157 156 182 208 197 197 210 278 317 317 309 312 307 300 296 304 304 305 305 247 251 258 231 227
130 130 136 140 143 147 150 145 156 97 97 106 93 80 68 69 78 135 223 206 181 126 137 110 97 87 81 73 62 52 55 55 63 64 71 90 98 284 277 260 240 232 223 215 236 252 270 315 303 293 292 295 291 291 272 205 207 205 201 169 135 127 154 234 256 254 233 211 202 190 181 171 161 164 164 185 203 220 265 302 308 315 316 306 309 305 304 308 302 290 261 211 226 231 220 220
120 117 123 133 115 131 144 158 186 191 139 106 110 90 70 75 75 83 206 192 185 169 154 123 107 107 84 69 60 54 52 52 62 60 67 80 0 276 269 250 249 245 243 241 314 320 320 318 325 321 309 301 294 272 219 193 205 206 197 169 141 131 168 246 258 254 211 198 198 190 190 184 177 181 174 185 227 267 288 299 280 289 299 306 298 304 307 276 237 237 204 191 215 227 225 225
107 102 101 105 94 107 127 154 182 199 167 132 142 131 96 120 93 92 143 124 167 176 167 161 126 103 69 54 52 53 59 56 60 72 80 85 0 256 256 254 273 274 279 288 295 307 316 321 308 313 308 275 262 210 184 189 205 207 191 167 147 138 147 200 257 259 225 194 189 187 190 188 185 194 186 191 250 266 270 273 263 266 273 273 271 281 289 231 200 189 185 206 226 227 240 246
107 98 89 88 94 92 107 133 162 200 182 154 167 167 168 176 160 127 112 136 151 154 167 169 142 102 137 75 67 64 80 73 73 87 87 92 93 0 268 270 273 276 279 285 276 283 291 299 281 285 283 241 227 180 171 191 191 205 203 189 168 150 162 241 263 255 200 180 182 185 189 190 193 202 198 212 250 264 266 262 267 264 263 265 268 267 259 196 186 185 188 232 238 236 240 274
116 120 89 83 85 94 101 101 99 123 183 184 173 174 177 176 173 150 131 148 160 149 158 167 169 158 176 162 162 120 108 84 75 79 98 102 96 303 289 284 275 272 273 273 266 270 274 276 257 248 248 242 248 223 166 169 197 204 199 188 168 151 199 258 262 244 178 171 177 181 188 188 195 211 215 221 247 276 275 272 275 270 267 268 254 241 218 191 190 196 211 285 289 289 288 310
149 175 167 128 103 114 103 98 91 83 111 162 144 164 173 177 174 162 144 145 158 152 152 70 84 135 72 128 157 130 34 40 58 76 103 116 107 303 296 285 273 267 266 265 262 264 265 266 250 238 234 242 252 194 156 177 205 199 195 187 167 154 243 263 253 253 187 169 169 175 183 194 204 242 245 259 273 277 277 277 264 263 261 260 232 217 217 201 206 221 251 306 310 314 314 314
161 183 181 156 132 132 117 105 91 104 96 109 128 138 156 169 137 156 159 96 81 73 67 30 40 52 72 23 22 35 27 44 68 83 108 122 109 308 308 301 283 267 262 261 262 266 264 259 234 233 248 260 225 170 156 188 204 193 191 190 184 167 174 256 257 229 169 167 173 178 241 273 260 336 308 288 279 270 263 263 263 245 242 242 228 219 209 204 275 293 303 306 307 312 313 312
167 186 185 163 147 145 132 124 117 148 148 143 142 128 120 125 84 95 101 17 18 19 18 57 76 68 43 14 23 28 67 81 81 87 114 122 125 312 307 293 279 263 260 261 264 269 266 253 233 252 265 261 189 189 160 172 196 198 188 190 178 172 214 248 232 191 164 170 188 206 328 338 347 350 350 342 328 354 319 271 253 258 240 234 242 233 235 251 305 305 307 304 305 308 310 310
168 186 187 163 163 147 147 142 136 139 147 147 49 57 61 69 37 25 17 17 15 20 31 96 86 27 27 8 32 56 127 118 113 111 127 130 322 312 306 284 272 264 266 267 268 267 256 256 235 257 270 269 215 167 159 172 200 190 186 190 174 188 236 229 203 175 172 231 231 299 322 330 341 350 346 348 353 10 6 334 292 329 296 258 304 297 296 300 297 299 299 302 301 304 306 306
135 156 161 180 164 144 140 143 138 91 62 48 49 26 33 41 20 12 7 11 24 42 63 121 91 12 354 58 99 117 79 85 102 117 114 296 312 315 0 282 270 281 273 273 273 266 255 237 262 274 275 265 175 159 162 184 196 185 186 191 180 210 210 228 214 194 280 321 321 319 321 327 336 342 337 344 357 17 20 2 341 350 348 326 345 326 317 306 307 303 301 300 301 304 306 308
87 113 101 147 156 132 130 131 120 17 17 23 28 22 22 34 22 15 10 10 104 120 130 64 8 348 2 109 103 95 79 77 93 103 83 83 280 283 0 0 282 285 275 271 270 259 246 245 262 282 274 238 162 156 167 191 193 191 187 204 198 202 226 265 244 236 280 336 333 326 327 328 334 335 331 339 358 17 17 22 9 357 355 358 345 334 322 313 315 315 312 304 307 306 307 313
73 80 78 92 119 132 85 61 61 4 6 16 31 25 21 29 26 27 34 68 127 125 116 64 355 6 84 65 54 54 45 94 104 99 83 77 262 259 251 270 281 285 282 274 268 276 279 283 284 282 282 252 166 158 156 172 197 197 200 204 321 306 286 340 339 335 334 339 341 335 330 329 329 332 329 328 336 357 12 19 10 1 359 2 352 340 331 319 312 313 318 313 314 314 311 313
73 73 77 75 76 79 42 32 13 4 7 21 35 21 22 26 61 83 112 127 110 66 14 14 2 17 61 46 48 63 76 98 94 90 76 72 284 262 264 283 297 303 310 286 286 299 303 308 304 293 257 196 161 156 157 178 281 308 321 326 350 348 344 344 342 339 339 336 339 342 336 332 331 331 328 330 339 355 7 13 8 2 3 5 355 343 338 338 339 322 310 313 315 316 313 313
77 77 71 59 53 47 26 18 8 11 13 31 33 37 42 49 61 117 120 123 84 31 3 357 21 51 58 62 86 98 102 69 74 77 76 71 16 267 260 256 279 303 323 315 301 302 306 309 306 235 195 174 161 155 165 225 318 336 346 350 345 348 350 335 335 336 335 332 336 337 336 329 328 328 318 325 338 354 358 4 4 351 1 4 4 358 346 341 339 335 318 311 316 310 302 291
105 87 68 45 40 31 25 15 10 62 70 70 66 135 114 111 115 125 121 110 10 0 358 2 51 57 52 85 81 76 68 68 68 77 78 74 70 62 248 249 268 294 298 300 299 292 293 290 273 191 180 170 161 164 164 240 300 308 328 342 322 333 337 308 313 321 326 312 323 329 329 312 312 315 297 297 307 326 200 251 316 305 347 359 0 358 352 340 341 337 329 320 311 267 231 208
134 106 109 70 58 58 159 138 0 45 144 148 150 163 133 120 122 84 67 38 358 0 8 24 88 87 87 90 139 87 66 86 87 87 82 78 71 68 54 253 259 275 281 291 291 292 263 235 235 192 184 179 171 180 251 296 298 294 297 309 278 292 305 308 266 280 295 282 300 300 310 278 281 284 278 277 267 225 198 237 265 305 294 334 350 348 357 345 337 336 336 333 265 180 183 190
123 127 130 158 157 152 175 182 187 171 163 162 174 182 140 106 90 57 30 10 10 187 173 143 168 136 127 141 172 151 97 113 106 98 88 86 74 64 54 345 256 256 260 276 285 282 248 223 203 188 181 178 176 287 302 302 298 257 254 266 255 251 248 248 240 252 258 267 269 274 277 269 274 277 265 246 211 186 219 250 259 265 256 279 279 283 317 348 347 323 317 315 165 160 168 184
66 85 121 111 145 162 161 181 189 182 174 174 189 197 197 164 125 135 111 105 148 178 185 182 183 148 122 135 158 182 132 125 116 106 96 104 90 68 50 45 49 266 257 263 271 264 228 207 194 188 183 188 216 307 302 290 275 243 241 251 253 242 223 222 259 267 268 272 267 263 263 269 273 273 265 210 191 185 198 237 253 253 257 261 268 280 289 317 332 206 210 193 165 154 162 182
50 65 78 57 76 119 85 147 147 178 156 172 179 198 208 184 159 149 153 149 159 172 194 197 186 153 113 105 145 145 185 142 131 127 117 112 83 41 31 42 56 4 255 254 251 242 217 204 192 188 219 219 275 283 281 270 254 245 254 259 248 232 212 235 271 273 274 272 258 258 262 254 254 247 238 207 197 187 232 256 257 255 280 280 279 280 256 230 208 189 197 187 163 152 152 160
54 56 56 44 50 56 53 50 54 92 78 129 171 203 218 200 160 141 147 150 155 172 207 207 209 183 172 143 138 150 179 145 138 137 130 56 23 8 17 39 59 63 272 251 237 237 221 214 209 201 225 257 278 248 241 234 238 252 255 255 242 229 227 261 272 266 266 260 243 247 250 251 237 218 212 202 197 200 286 287 281 279 291 289 284 274 213 197 197 180 186 196 190 171 158 165
63 58 45 51 56 55 53 50 50 58 64 78 123 201 222 213 155 155 134 137 144 137 168 213 209 182 180 166 153 158 173 151 141 130 107 2 1 0 13 21 49 64 68 56 252 236 225 217 214 213 234 248 250 234 228 234 247 246 247 247 247 231 223 245 270 266 254 244 254 258 256 242 212 201 205 211 227 264 286 302 298 298 288 283 279 268 201 197 188 173 181 193 190 177 166 174
100 79 50 121 91 69 56 61 58 60 73 73 78 96 139 225 219 155 136 134 133 132 157 203 198 180 176 171 163 161 168 154 36 36 17 359 359 0 2 40 63 69 69 64 261 244 219 218 216 220 244 243 236 234 234 234 243 242 240 240 239 226 230 256 258 247 240 244 270 269 261 209 190 197 207 240 268 290 299 296 294 291 254 256 254 227 187 195 183 168 175 187 189 183 176 183
135 143 145 163 152 152 116 147 103 82 97 88 87 95 124 218 212 160 144 139 135 140 154 185 188 175 171 171 162 158 145 131 3 357 359 359 358 4 12 55 69 71 69 64 53 232 232 223 223 223 231 240 239 235 252 245 244 238 237 235 230 234 248 260 239 235 245 261 266 266 260 241 186 192 217 286 296 299 298 264 261 257 245 251 234 189 188 195 177 168 172 172 182 187 187 194
98 111 137 125 154 168 169 177 155 117 97 100 96 99 114 199 197 161 151 147 144 150 145 152 171 151 156 163 162 1 1 5 359 353 353 354 358 10 29 63 70 72 72 66 58 43 0 34 227 226 218 230 245 254 249 234 236 231 229 226 226 246 251 251 247 234 243 258 266 258 238 203 193 233 267 275 277 275 269 231 235 238 245 262 199 199 161 192 193 168 160 169 180 192 212 252
71 78 97 85 111 149 173 184 177 138 112 105 99 99 97 97 159 181 161 157 152 153 150 147 154 18 35 29 7 352 353 0 359 347 346 350 347 358 22 61 69 71 71 61 50 39 33 52 29 225 236 226 241 252 206 207 225 221 223 221 225 245 245 239 233 257 267 270 263 245 205 182 237 264 271 248 246 239 232 227 234 249 263 281 242 157 163 196 186 162 158 167 179 244 283 299
74 75 78 85 88 111 154 178 192 192 150 129 115 103 101 95 113 155 148 158 153 153 45 13 3 18 32 15 356 346 346 348 0 358 342 338 348 7 39 61 75 74 69 57 51 52 55 47 36 30 17 17 0 240 220 200 207 221 224 227 238 240 235 235 245 266 269 270 248 217 178 188 249 249 248 245 237 232 227 254 265 275 281 240 173 151 175 199 175 158 158 169 195 244 287 296
93 84 79 79 88 82 87 105 156 200 164 136 127 115 121 114 112 125 132 146 141 126 353 355 355 15 35 31 8 355 338 344 358 359 346 341 354 19 52 68 82 78 70 53 55 55 61 56 46 39 36 25 23 293 0 215 222 226 237 244 246 239 242 251 261 251 251 251 246 231 187 175 235 242 237 237 244 243 247 282 281 278 271 189 162 155 185 200 200 166 155 162 192 258 291 292
