SW-DBSCAN/aspect.asc
ncols        791
nrows        808
xllcorner    449806.000000000000
yllcorner    4609726.000000000000
cellsize     30.000000000000
NODATA_value  -9999
[rows 258 to 300 of 808, columns 0 to 95 of 791]
15 22 26 39 47 49 33 27 18 16 17 35 47 49 52 38 17 18 17 16 17 15 13 15 16 15 17 19 25 12 294 269 285 277 271 269 264 262 263 265 261 259 269 272 274 275 282 279 269 243 156 128 122 121 122 122 122 122 122 124 121 119 112 67 345 344 338 331 325 324 330 343 11 38 32 65 20 0 151 150 149 151 153 150 150 151 152 154 155 156 154 153 152 152 151 153
4 19 28 47 47 52 34 28 22 13 26 43 52 54 51 31 17 20 17 15 16 12 13 15 17 11 11 12 17 29 35 341 299 289 279 286 278 274 270 272 268 267 294 293 289 284 283 283 281 268 194 142 125 122 122 120 121 122 121 121 117 110 70 356 341 339 335 330 325 325 325 336 353 53 78 138 157 156 147 149 150 151 153 152 152 151 151 153 155 153 153 153 152 152 153 153
296 342 13 42 52 46 34 27 19 15 37 50 57 58 47 26 20 20 15 12 12 9 13 18 20 14 2 6 22 37 46 14 305 298 296 292 287 284 279 296 293 293 293 296 295 290 286 284 281 266 147 127 123 122 121 120 121 123 122 120 117 74 2 2 345 339 337 334 328 324 325 359 79 121 127 137 146 149 147 145 149 152 153 152 152 151 147 147 149 149 151 151 152 153 153 154
284 312 7 41 44 35 29 28 18 21 48 59 62 61 57 36 22 25 20 12 8 9 17 26 28 5 352 3 41 54 61 29 302 300 298 298 292 291 292 291 295 294 295 287 289 288 286 284 281 265 121 119 121 122 122 121 122 122 122 121 117 70 2 348 344 340 337 333 326 323 328 359 109 120 127 126 129 134 134 130 140 147 147 152 152 150 146 144 145 149 145 148 152 135 138 140
281 291 351 32 36 32 31 26 26 19 49 66 69 67 45 22 21 25 18 11 8 14 23 32 30 358 349 11 69 69 77 78 344 302 300 295 293 287 286 283 285 285 285 279 284 286 284 284 283 0 112 112 115 119 123 124 122 116 115 113 101 16 348 344 342 341 337 332 326 323 339 76 113 118 120 117 118 121 125 108 121 135 113 134 145 149 131 135 138 143 113 117 126 64 64 68
279 279 279 282 4 30 33 30 23 27 49 82 75 65 24 13 20 23 17 14 12 23 32 32 37 19 354 359 43 93 92 82 323 303 303 300 298 290 284 290 288 283 279 280 281 281 283 284 284 287 99 109 112 118 117 118 117 102 101 93 60 354 344 342 342 341 341 337 332 328 330 80 113 115 115 101 99 100 103 76 81 93 113 82 100 120 80 94 94 102 61 61 59 50 46 43
287 277 273 277 313 14 31 32 38 61 81 83 69 52 8 7 14 14 18 22 22 36 36 40 38 19 1 48 86 103 96 69 312 303 302 302 300 298 293 301 302 300 293 298 293 288 285 287 288 298 88 106 109 113 106 106 104 88 87 68 68 351 344 341 340 340 341 338 337 340 42 107 108 109 105 83 77 76 75 70 69 69 68 63 60 60 58 59 60 61 55 54 52 49 46 42
280 273 271 277 275 335 27 59 80 94 94 84 70 54 4 357 0 9 28 35 35 36 43 40 36 45 68 104 107 107 97 27 324 305 300 299 299 299 300 301 302 304 304 305 303 296 290 289 299 350 96 103 103 104 93 93 93 90 85 72 22 345 339 337 338 337 341 341 350 27 90 106 103 102 94 94 75 72 72 71 71 71 67 64 62 60 59 59 59 57 57 55 52 49 43 39
261 260 260 263 251 251 262 244 90 91 91 64 50 26 351 351 359 13 45 49 46 45 51 49 47 86 86 101 109 112 107 90 311 300 297 297 296 297 297 299 299 303 305 301 300 294 290 288 288 297 126 108 101 96 91 88 86 87 73 41 0 339 336 333 333 332 339 344 350 23 75 96 95 96 94 83 67 70 71 66 67 67 65 62 60 60 59 63 63 60 57 57 51 48 47 42
242 243 244 247 243 247 252 249 82 78 72 45 24 3 351 347 4 26 60 59 59 55 69 69 71 98 104 109 111 111 100 34 311 298 295 294 294 293 293 296 296 299 299 295 294 293 290 287 281 260 126 109 100 94 94 88 85 83 47 20 352 334 331 331 329 327 328 337 352 65 88 93 86 81 70 62 56 63 66 63 65 64 63 61 60 60 60 64 67 67 67 59 52 50 69 71
232 233 237 241 247 251 253 249 52 57 53 32 7 354 354 337 342 18 68 71 70 69 90 93 94 98 112 113 112 107 80 337 308 299 294 293 292 293 292 291 289 291 294 295 287 288 288 286 277 218 129 100 99 97 87 82 74 74 43 33 14 349 332 329 328 329 329 339 16 84 85 86 74 65 52 49 52 57 60 60 60 62 61 62 63 62 62 72 74 73 76 72 68 68 111 122
236 237 240 243 252 255 255 258 265 333 38 38 21 0 351 335 346 44 84 86 87 88 108 111 111 111 116 113 111 92 92 21 324 309 300 294 290 291 290 288 286 287 289 288 285 286 286 287 297 36 97 78 88 91 72 68 61 51 37 32 14 346 333 331 330 332 330 348 67 108 85 78 64 64 55 46 46 51 54 56 60 61 61 65 66 67 69 80 80 78 85 88 96 104 114 124
236 248 248 248 257 258 258 259 266 293 18 21 14 1 350 340 13 72 84 101 102 104 115 120 120 121 124 116 108 90 60 339 322 309 298 292 290 286 286 286 284 284 285 285 286 286 286 287 290 312 41 74 76 75 72 50 42 38 37 30 7 343 334 333 334 327 225 225 155 162 156 111 80 60 48 44 51 51 54 57 62 62 63 70 72 75 78 85 85 85 85 91 95 105 110 117
247 259 256 255 262 261 260 260 264 273 331 345 9 3 348 3 73 97 97 113 111 110 118 121 126 128 127 115 101 83 17 328 321 307 297 290 288 285 284 284 282 283 283 283 286 287 288 289 291 312 55 67 64 61 57 36 35 36 37 22 354 354 340 337 337 126 158 166 163 173 183 167 112 141 74 60 68 57 56 59 64 66 66 76 78 81 83 93 93 92 90 97 100 104 103 106
259 263 262 261 265 262 261 262 263 263 282 345 296 348 355 12 88 110 113 118 116 116 120 122 126 130 123 110 98 83 344 325 317 315 302 294 289 289 286 283 281 281 282 283 289 290 289 289 290 311 61 51 49 47 47 31 28 32 37 30 6 346 337 338 347 126 153 158 163 175 191 192 185 191 163 113 181 149 70 64 81 73 74 76 87 89 92 100 100 98 97 102 101 102 100 98
262 266 266 266 266 266 264 264 264 262 263 270 273 303 336 120 121 120 119 120 117 117 120 115 117 122 106 106 104 94 12 331 324 316 303 295 290 289 285 283 281 281 283 286 290 290 289 289 288 290 319 25 40 37 34 30 32 37 37 22 355 337 263 172 151 149 151 155 160 174 174 192 198 200 199 192 181 197 167 101 119 93 87 87 96 97 99 106 106 104 103 107 105 104 102 101
262 273 271 270 268 268 266 265 264 263 263 265 266 271 266 125 124 123 121 121 114 114 111 102 102 102 91 93 92 78 344 327 323 320 309 301 293 292 286 281 280 283 283 285 288 289 289 289 287 289 314 21 41 37 36 93 84 69 43 162 275 279 190 164 164 150 145 148 153 154 170 191 198 202 202 201 201 202 190 158 164 133 109 99 110 110 106 111 113 113 110 112 110 108 105 105
280 285 277 274 270 273 270 267 267 266 265 265 266 261 178 178 126 124 123 121 120 112 105 97 93 92 83 82 78 47 334 327 324 320 315 308 308 310 301 288 281 284 285 287 290 288 286 287 283 281 287 21 143 119 105 156 149 146 146 169 186 206 200 182 162 147 142 145 150 154 164 192 200 203 204 205 206 203 195 195 188 179 161 137 139 122 112 111 119 120 116 117 114 111 108 113
302 311 292 281 276 277 274 271 275 275 272 271 276 269 245 153 125 122 120 116 114 110 103 85 84 83 72 71 64 12 351 332 327 325 320 315 313 316 312 299 287 290 289 290 289 286 283 282 276 270 244 171 161 160 160 162 164 161 159 165 188 205 196 180 163 148 144 143 146 147 153 190 204 207 205 207 208 205 201 196 191 184 174 158 155 131 118 116 127 127 123 123 119 117 115 123
327 334 320 320 299 307 291 283 278 285 281 279 286 278 218 138 124 123 120 98 91 88 86 70 70 72 73 72 69 47 343 335 329 325 319 317 315 317 316 311 298 293 290 290 289 280 280 276 269 269 257 203 140 144 155 158 169 166 158 165 189 202 196 178 166 153 148 148 144 143 139 142 182 207 209 209 208 202 200 196 191 187 181 171 169 144 126 124 133 133 136 139 128 123 124 124
340 337 341 342 330 332 318 306 294 298 290 287 290 286 131 124 120 115 115 59 53 55 60 62 68 70 71 75 67 18 340 334 329 323 318 317 315 314 314 311 311 299 292 289 287 278 273 269 264 264 252 165 127 131 141 158 170 170 161 170 190 190 197 184 177 168 161 152 145 142 139 136 169 207 215 211 206 201 198 194 192 188 186 186 186 178 157 135 130 132 140 139 131 121 122 114
335 337 337 345 344 339 334 327 314 313 298 292 298 293 286 113 103 95 74 59 35 44 54 72 75 75 75 74 52 352 340 333 326 321 317 315 314 312 308 307 306 295 289 285 282 270 267 265 264 264 252 130 123 128 133 133 143 167 172 170 177 189 190 181 177 171 166 155 148 143 141 134 157 205 218 210 205 205 201 196 193 190 188 187 188 184 169 142 133 133 141 145 135 115 110 100
328 332 327 336 341 335 335 338 338 336 326 309 298 308 73 104 73 48 37 36 37 52 65 84 82 78 75 64 64 26 341 341 334 323 311 308 308 307 300 300 299 286 280 277 273 259 260 262 264 268 268 246 114 118 123 128 131 157 171 173 183 187 184 181 177 174 166 157 152 147 150 144 135 148 200 218 210 207 201 195 192 186 186 188 188 192 182 152 137 135 143 149 150 140 113 106
300 311 292 307 319 305 318 331 337 334 331 320 309 344 64 84 40 32 31 31 53 53 74 84 82 78 73 67 56 8 341 340 330 318 302 301 300 300 294 292 289 275 271 271 266 251 250 255 264 276 274 190 115 115 117 120 119 137 162 169 183 185 182 182 182 178 176 167 158 154 151 147 137 145 197 218 213 210 203 194 189 179 183 188 190 199 199 195 175 141 136 143 158 149 123 117
264 276 263 277 292 305 285 304 324 320 329 328 326 10 49 49 37 34 34 29 48 72 82 84 75 73 70 73 54 355 339 330 321 309 294 294 294 294 288 285 282 278 272 264 256 255 258 267 274 286 281 125 119 120 117 116 119 123 123 143 154 179 185 186 183 179 175 167 159 154 153 149 141 147 197 217 214 210 206 192 192 173 171 179 190 203 207 205 180 144 141 150 167 157 135 117
244 251 248 255 264 273 263 275 297 272 295 317 328 341 18 37 38 36 31 32 66 77 78 76 77 76 75 82 57 339 332 321 316 310 294 293 292 290 286 286 285 279 280 270 260 276 280 284 286 293 297 114 106 116 122 122 122 123 121 128 135 166 183 190 186 180 174 167 160 156 155 148 146 156 163 199 216 217 218 205 187 168 167 177 193 211 216 214 180 143 144 159 173 159 141 141
239 243 244 244 247 252 252 256 261 260 272 294 316 331 13 32 38 31 31 47 76 78 80 79 86 86 84 90 84 55 323 302 302 300 294 290 292 289 289 290 292 288 287 285 279 285 285 285 289 296 300 70 106 108 114 120 112 116 117 119 123 146 176 187 189 183 175 170 170 163 159 155 147 147 167 200 217 221 216 202 182 165 166 178 198 219 226 221 179 171 141 146 173 179 163 144
235 238 240 242 245 248 252 255 255 268 271 280 298 302 357 33 40 33 50 50 84 85 88 89 95 94 93 90 82 53 308 291 290 292 290 286 288 289 287 288 288 289 287 289 288 286 287 289 292 299 307 100 104 106 106 108 99 103 109 113 112 125 125 159 171 187 186 182 174 167 162 157 146 146 164 201 218 223 214 198 178 165 166 166 182 216 231 237 226 151 136 149 178 186 168 146
236 237 246 245 247 249 269 268 268 268 286 281 282 262 268 305 36 49 62 79 93 95 96 96 98 97 96 92 77 50 315 293 284 282 282 281 282 284 281 282 282 284 282 285 287 286 301 302 299 306 57 107 107 112 110 103 118 109 107 108 117 112 112 132 140 176 186 183 179 173 167 161 146 141 159 203 220 220 222 213 196 177 164 168 190 233 244 248 233 140 132 149 180 192 174 149
249 247 246 273 272 271 299 299 297 299 298 284 270 247 249 250 18 106 93 93 93 98 99 99 100 99 97 91 93 72 47 353 299 285 280 277 278 280 281 279 279 280 288 291 296 299 310 311 308 341 341 107 112 120 120 121 118 131 126 123 131 128 119 118 123 147 176 177 182 179 172 180 169 152 137 157 206 221 218 211 196 177 162 172 207 248 252 251 220 139 131 146 180 178 196 183
301 301 290 314 308 304 309 308 307 305 258 249 246 241 242 240 226 152 99 95 96 97 97 98 99 100 101 99 95 71 50 6 307 287 279 279 278 279 280 287 287 287 295 298 298 303 309 313 315 337 87 115 119 120 122 127 133 124 125 127 109 118 120 121 112 112 121 112 149 176 183 183 179 164 143 162 205 217 214 209 195 176 161 183 231 253 253 255 248 170 134 129 143 171 197 190
326 323 319 314 313 310 295 291 284 271 227 234 240 241 240 237 237 239 184 101 96 99 98 98 101 102 102 101 91 63 45 6 319 288 281 288 287 287 287 298 297 296 297 297 300 304 312 314 316 337 102 111 117 102 108 114 121 100 100 100 97 94 95 99 97 98 100 112 94 135 172 168 181 173 152 170 204 214 212 206 206 194 174 168 207 246 254 257 247 162 139 129 136 160 196 194
300 305 312 292 295 297 267 255 236 225 218 230 240 242 242 243 243 255 214 101 99 99 100 100 103 103 102 100 77 45 33 33 27 336 300 298 297 297 298 305 303 300 298 298 303 307 313 308 317 56 84 92 98 86 89 92 96 99 106 103 97 112 104 98 90 85 83 84 69 81 114 97 157 174 174 155 175 204 212 208 203 191 171 184 235 252 258 252 218 167 149 133 132 152 190 195
270 278 287 268 268 271 271 241 227 214 228 241 245 244 249 250 252 270 0 96 98 98 99 101 103 91 92 90 74 49 11 24 37 333 305 299 300 300 303 306 307 304 298 302 301 306 310 310 306 334 73 79 82 81 83 85 91 89 100 111 115 91 93 93 59 60 64 66 76 77 74 86 84 97 144 112 161 202 208 205 202 187 173 213 249 256 258 239 190 172 172 158 140 136 145 185
252 257 261 254 256 256 251 223 213 215 240 246 250 250 271 269 268 270 59 59 95 92 90 89 90 78 79 79 54 17 6 30 23 349 311 299 298 298 301 302 307 307 307 311 307 299 291 294 298 357 85 83 81 81 73 77 82 75 78 84 88 54 54 56 55 60 66 73 95 94 91 86 78 75 84 75 102 176 199 203 204 184 185 235 235 253 256 247 212 179 177 167 148 142 142 177
250 252 253 247 247 245 236 216 217 227 257 262 265 265 284 287 289 287 291 88 95 88 82 77 76 80 80 73 36 9 15 36 11 10 324 324 299 296 296 296 298 303 307 299 299 293 270 274 280 46 78 76 75 72 79 78 78 69 66 65 60 48 49 52 81 86 91 94 82 81 83 82 70 69 69 76 80 111 111 122 194 209 189 205 245 255 248 227 192 178 180 174 158 152 144 167
248 248 248 240 237 231 222 222 225 235 249 277 280 281 286 286 288 289 285 93 93 89 84 79 79 79 70 56 36 31 14 26 4 9 29 345 304 298 295 296 297 299 298 286 282 276 270 282 284 52 66 80 77 77 82 78 73 59 58 57 53 58 67 76 81 95 93 88 67 69 71 71 79 80 79 95 91 85 89 108 165 208 189 225 249 253 236 209 185 180 180 176 165 169 162 151
245 245 245 242 237 233 227 250 258 266 273 291 290 288 295 291 286 283 287 93 93 91 88 88 85 74 64 53 43 33 29 21 354 18 42 3 306 300 297 298 299 299 292 295 295 289 283 301 295 292 116 92 84 83 70 64 61 58 57 59 56 82 90 95 97 80 80 74 73 75 78 79 91 93 95 95 112 111 105 116 144 195 196 241 250 247 223 223 198 185 180 177 175 169 167 158
251 245 244 242 258 253 248 286 289 291 291 297 298 297 301 302 293 293 289 320 94 93 89 85 81 54 49 44 37 40 34 3 0 31 51 16 312 301 301 298 299 299 302 308 307 304 301 302 294 270 145 103 90 81 83 71 64 58 72 72 72 86 87 89 88 73 74 73 95 93 91 90 99 101 104 108 121 126 123 122 137 137 183 231 248 249 228 208 195 188 178 175 174 170 168 163
299 287 273 264 297 288 285 291 289 292 295 285 285 288 294 283 291 292 285 48 91 92 85 78 66 45 42 37 35 52 29 352 352 20 52 59 17 325 306 301 303 302 305 308 311 312 306 295 263 208 145 122 107 107 136 134 116 92 129 113 95 109 91 79 73 94 95 95 95 107 101 98 104 104 107 107 107 113 121 115 117 126 177 241 248 243 228 202 199 191 177 172 173 170 166 165
323 320 312 303 318 316 307 311 297 286 284 280 279 278 278 278 278 280 292 52 86 89 85 73 56 50 50 38 37 67 59 17 354 48 60 51 16 340 315 310 315 310 308 307 310 317 311 279 240 207 197 182 138 130 137 149 150 140 152 148 133 145 125 105 95 115 113 112 112 119 118 112 113 107 104 104 102 103 107 105 106 115 176 243 240 226 209 203 204 193 196 174 167 172 171 163
339 324 316 317 315 319 317 311 316 298 284 293 289 286 281 288 283 282 284 90 90 94 102 97 84 68 62 46 57 80 43 8 14 53 42 28 17 353 329 326 327 327 316 309 305 302 298 206 200 199 199 186 141 127 122 135 149 153 153 157 155 145 153 153 138 133 120 114 115 125 128 123 124 112 106 103 107 106 105 105 104 108 175 234 234 224 210 204 208 208 199 168 161 173 172 161
345 335 317 310 304 308 313 319 319 311 300 302 296 292 292 286 287 287 281 261 112 103 113 113 106 83 85 95 95 56 15 12 40 33 21 21 15 16 359 342 346 334 318 309 295 271 230 196 197 199 200 188 145 122 110 115 129 129 115 133 149 159 158 161 150 148 130 118 118 127 137 137 143 129 116 109 120 117 117 112 115 111 111 156 221 214 206 208 211 212 200 161 156 176 173 160
