SW-DBSCAN/aspect.asc
ncols        791
nrows        808
xllcorner    449806.000000000000
yllcorner    4609726.000000000000
cellsize     30.000000000000
NODATA_value  -9999
[rows 473 to 515 of 808, columns 0 to 95 of 791]
345 18 48 52 35 3 15 47 71 79 66 39 24 36 40 22 14 16 8 8 7 15 24 30 39 43 49 58 54 48 55 70 52 43 42 17 18 19 24 33 33 35 41 40 45 186 35 0 180 8 27 20 342 331 340 334 317 315 323 11 69 69 73 71 4 268 260 261 261 260 259 266 270 277 296 45 71 72 71 67 46 13 2 2 16 25 27 33 28 358 357 3 353 37 85 96
344 20 46 45 30 13 50 71 78 76 38 15 19 19 43 28 8 12 12 359 3 20 30 36 51 56 60 62 60 63 71 70 17 13 13 6 13 20 26 42 45 43 48 35 22 23 30 22 5 8 20 9 336 318 331 331 335 328 319 327 54 71 71 65 27 295 267 261 275 268 265 277 276 277 287 35 67 67 66 66 57 23 350 4 21 25 27 28 18 358 358 5 5 83 99 101
344 22 45 46 38 36 62 74 82 80 33 16 12 29 40 7 0 15 8 358 7 30 44 48 59 59 60 62 64 71 76 77 38 354 357 356 11 26 38 47 49 51 48 24 15 24 34 20 2 2 11 11 2 340 319 322 332 326 324 348 54 57 57 51 42 332 284 278 284 280 277 275 274 275 276 289 25 64 66 58 40 3 348 7 25 28 26 22 12 2 359 10 10 80 95 99
316 344 25 49 55 55 62 84 83 64 6 9 19 41 23 357 359 17 6 1 15 47 47 59 60 45 47 55 71 75 77 73 12 342 346 348 8 30 43 47 49 52 47 36 9 11 29 33 18 8 11 353 355 350 333 321 327 324 327 8 48 53 53 51 61 61 347 295 290 285 279 280 277 275 277 286 17 59 59 44 22 355 352 11 27 29 29 27 21 18 4 1 38 95 97 94
305 338 29 64 67 71 78 77 69 33 347 4 23 37 12 358 358 5 18 5 7 47 63 65 57 35 47 62 78 78 76 63 349 334 339 348 8 8 31 46 52 54 52 17 3 12 33 31 17 19 8 346 349 350 343 326 325 323 331 331 16 61 65 65 76 69 340 297 294 290 284 280 286 281 280 281 352 47 48 35 35 10 355 0 16 27 29 31 27 18 14 28 85 101 97 92
297 319 48 74 72 72 75 68 58 8 352 337 357 18 16 7 2 15 19 10 21 65 71 64 46 39 58 72 79 76 72 72 38 331 329 334 342 11 36 57 62 61 48 2 2 17 35 26 15 21 5 342 344 344 351 348 332 329 326 336 32 72 75 76 79 71 322 295 286 288 289 289 282 281 281 277 277 315 22 26 24 3 0 8 20 26 36 42 39 27 56 90 101 104 102 97
299 298 74 63 63 65 65 69 66 45 352 336 351 13 10 5 8 21 23 22 44 73 70 52 35 30 49 68 78 81 76 71 12 322 327 330 338 23 50 79 76 67 39 348 358 22 35 35 22 11 16 1 338 339 344 348 337 332 333 348 54 79 79 79 79 70 310 287 291 287 283 282 291 286 281 282 278 296 341 358 7 1 0 19 32 35 98 80 66 54 121 117 108 118 114 112
329 321 340 41 62 68 69 76 59 23 350 340 348 7 5 7 15 25 38 38 48 78 74 60 33 40 65 79 83 82 77 71 348 316 322 322 344 54 76 95 86 86 69 7 339 351 22 34 19 7 13 0 336 333 335 344 337 333 347 20 70 86 86 84 82 80 65 314 297 297 295 293 305 298 291 282 285 296 318 338 352 3 12 50 74 96 141 152 140 127 157 155 133 118 126 124
334 338 0 41 77 83 83 70 32 7 353 342 348 348 355 4 11 23 51 63 74 78 70 46 26 63 81 86 86 83 76 62 342 313 312 312 311 16 81 93 76 70 55 351 331 345 20 30 16 4 15 2 334 328 332 341 341 335 338 8 58 88 89 87 83 82 63 308 293 301 304 305 306 304 298 288 294 294 306 321 332 347 18 108 123 130 143 156 158 156 164 161 146 133 134 129
337 346 22 62 86 90 88 61 31 3 4 355 340 345 355 3 16 34 73 80 83 81 45 32 35 72 85 89 89 84 75 65 46 344 311 307 317 49 77 79 54 52 36 341 322 336 13 28 17 5 5 17 6 331 326 335 344 337 354 43 78 87 87 85 84 85 65 293 293 302 303 303 302 304 306 300 300 302 310 312 323 1 88 117 124 129 143 149 157 161 158 155 148 148 133 130
346 346 6 54 83 82 74 33 10 356 7 357 340 342 351 2 28 56 82 81 73 60 33 29 33 66 80 86 88 66 56 56 42 343 312 308 329 42 59 58 52 52 34 337 337 313 324 355 25 18 6 13 7 333 329 340 349 345 23 68 83 87 87 86 86 91 88 49 294 293 297 299 293 300 307 305 302 302 305 300 319 96 111 114 119 125 139 124 131 142 131 139 136 135 107 111
352 3 34 70 75 58 44 33 9 358 9 357 340 343 350 13 13 53 77 76 67 48 24 32 48 66 90 88 81 47 51 58 50 336 310 309 335 36 36 51 55 57 55 33 339 311 318 348 17 17 5 5 3 338 335 343 352 358 53 53 78 85 87 89 90 94 87 351 295 283 283 287 275 284 297 302 289 289 292 300 21 21 101 105 109 112 115 106 112 118 107 112 107 104 87 87
6 25 57 76 46 27 28 28 12 2 2 11 354 341 344 1 37 68 75 66 48 29 30 49 68 82 90 82 66 43 59 66 66 47 326 309 313 339 37 53 60 63 58 31 343 312 316 341 7 12 0 352 354 354 340 340 346 359 39 67 81 85 88 92 95 94 76 319 290 271 269 270 259 264 276 276 262 268 275 285 302 67 99 100 100 99 99 95 102 102 105 112 109 96 88 81
6 49 67 66 44 25 19 28 32 15 6 5 349 342 346 24 58 73 75 47 31 24 59 79 89 92 96 82 63 37 53 70 73 25 318 311 313 340 41 57 63 66 53 22 352 321 315 322 337 358 8 355 343 342 340 341 350 9 63 78 83 86 88 93 97 79 56 303 279 267 264 261 258 253 252 255 253 258 265 277 256 102 100 93 91 88 88 88 94 100 100 101 110 113 99 100
2 41 54 55 34 19 21 32 30 13 10 357 340 337 349 59 75 75 66 34 34 33 86 99 105 104 82 58 39 37 64 75 73 358 319 312 312 340 40 57 63 63 61 35 357 359 339 322 337 354 5 356 338 334 337 341 354 28 83 88 87 86 87 87 88 86 55 47 304 267 261 259 256 253 250 250 257 258 259 261 232 122 98 93 86 84 83 84 85 88 94 85 85 90 84 93
13 41 43 41 33 16 25 36 28 9 10 357 331 332 332 38 78 78 67 48 50 67 105 111 112 102 45 34 30 45 74 77 64 344 319 319 311 314 340 42 60 62 53 17 349 0 352 333 337 349 2 356 334 329 335 345 5 5 77 89 91 88 79 74 68 60 44 45 23 297 257 254 253 257 258 257 261 257 257 255 267 254 112 91 83 81 82 84 84 83 84 66 64 70 66 69
22 34 36 40 33 17 34 45 43 16 6 9 344 325 333 59 71 57 49 64 79 95 105 100 90 67 26 29 39 39 77 82 78 33 332 318 313 320 349 47 60 63 46 2 346 357 357 342 338 342 342 354 356 336 329 345 359 34 77 89 88 84 61 56 51 46 43 44 43 45 256 249 249 258 263 264 263 262 262 267 280 279 83 86 83 82 83 83 79 73 69 57 56 56 59 64
21 34 34 39 42 29 24 43 30 8 9 11 348 327 342 61 59 47 53 85 90 97 101 75 64 46 24 27 39 59 85 86 79 355 324 319 317 322 1 49 62 60 30 352 345 345 353 358 358 341 339 350 355 342 336 358 28 65 85 85 77 67 52 52 48 45 51 49 49 66 62 285 259 277 270 268 267 279 278 280 280 278 78 82 83 84 84 84 77 67 57 52 56 59 62 80
1 30 42 46 45 29 31 43 18 9 14 13 356 343 8 61 64 64 71 93 92 91 86 42 38 30 34 42 61 78 86 86 77 355 322 319 317 317 317 10 55 67 54 11 336 346 353 1 1 344 338 350 350 345 343 23 57 77 85 75 75 60 58 61 59 53 59 57 61 66 68 328 292 299 290 286 284 299 292 285 291 291 302 57 77 83 85 84 63 53 48 61 65 70 77 88
6 35 47 53 46 26 34 33 11 12 16 16 8 4 5 30 66 80 90 95 90 80 58 30 35 33 57 66 80 86 87 84 84 58 319 317 315 306 313 15 61 68 47 351 328 345 357 4 1 349 338 343 345 348 348 13 46 65 74 77 68 57 58 80 71 63 66 67 75 81 55 324 310 305 299 299 297 293 296 296 294 300 330 48 79 82 82 75 53 52 54 70 73 77 83 82
10 36 49 49 33 21 26 31 20 10 13 14 11 14 27 47 86 92 94 82 71 55 34 32 43 51 51 75 83 89 93 89 79 21 316 314 312 308 311 21 66 61 31 337 328 340 357 3 358 359 355 342 337 338 348 49 72 78 79 88 79 79 83 88 76 68 73 80 88 88 87 356 325 322 311 303 295 285 280 283 290 297 338 61 81 78 72 61 59 61 66 70 75 79 81 82
316 358 35 46 36 24 30 24 13 9 11 12 29 42 60 75 101 97 92 82 49 39 30 28 42 57 68 87 92 94 93 87 66 350 317 314 315 308 316 29 66 48 48 13 332 323 332 351 352 355 356 345 340 328 342 49 103 100 97 101 96 97 96 84 74 68 72 81 92 97 56 327 325 322 324 320 303 305 288 281 284 293 349 77 79 79 71 65 70 67 65 70 80 83 83 85
309 358 30 39 28 32 28 13 9 11 12 17 59 81 81 98 100 93 82 67 29 24 23 48 63 74 81 93 95 95 86 72 34 337 319 313 313 320 324 329 25 47 38 1 332 328 329 342 345 354 355 348 355 339 141 113 115 115 112 107 103 98 93 62 58 62 81 90 96 95 350 312 318 324 319 327 323 324 312 312 298 297 293 36 74 74 68 69 73 69 68 74 83 85 85 88
311 350 25 32 26 31 19 4 4 10 17 22 35 72 85 96 66 61 56 43 24 23 33 84 88 88 90 96 96 93 93 60 46 7 339 326 316 323 329 338 21 41 32 357 333 334 330 332 345 355 358 358 14 24 50 103 110 112 110 99 98 90 76 51 56 69 81 95 93 84 320 302 302 308 302 308 321 322 323 318 310 298 303 36 74 68 69 72 79 78 80 82 89 89 89 97
311 343 335 16 24 25 24 12 5 20 29 38 53 75 77 73 43 42 42 35 31 42 68 104 104 103 99 98 92 82 71 41 34 358 337 329 318 323 329 342 20 32 29 0 335 337 337 334 330 340 357 7 39 55 77 98 99 99 99 86 83 71 57 70 78 87 87 105 99 91 65 310 296 298 296 301 311 307 310 311 307 298 315 28 63 67 72 78 90 91 95 97 102 97 97 97
310 311 336 4 20 25 19 12 13 33 43 53 65 71 61 49 42 42 42 41 52 59 81 97 108 107 102 86 66 51 44 41 36 357 331 328 317 320 329 329 345 17 26 29 6 339 337 337 332 339 3 23 66 81 91 97 89 85 85 86 76 74 71 120 118 114 108 112 104 92 24 311 299 294 291 293 299 307 299 301 299 299 299 317 30 75 79 84 98 99 103 107 107 103 100 97
311 317 331 0 21 25 22 20 25 43 55 55 64 72 63 46 48 55 55 53 87 97 103 107 107 104 98 47 32 33 37 50 42 42 356 327 330 322 323 330 349 13 25 29 9 340 332 337 332 347 15 45 66 97 97 101 102 92 83 79 89 98 113 127 129 123 116 105 104 93 24 309 307 297 290 284 284 288 295 292 293 295 298 319 49 92 95 96 98 96 98 103 97 100 96 85
305 313 318 357 28 28 37 30 29 35 47 60 69 61 51 42 48 79 80 82 108 112 111 109 92 89 76 37 15 23 37 57 60 48 350 323 328 325 325 331 350 14 24 26 12 345 330 334 334 342 5 34 65 95 104 109 110 106 97 89 104 108 117 105 112 109 105 95 95 80 80 304 301 309 314 309 299 294 312 305 300 306 304 342 72 92 96 97 96 78 81 81 82 85 87 82
312 304 304 309 350 34 41 34 29 35 53 62 64 53 53 59 74 98 99 103 109 109 108 104 66 68 64 37 8 33 50 68 66 41 340 317 320 323 323 330 350 14 12 23 26 16 354 333 333 354 36 66 85 94 99 107 102 106 105 103 92 91 95 105 98 104 103 97 91 84 52 302 297 307 310 317 316 314 325 323 318 306 320 12 76 72 80 82 83 73 75 78 90 88 81 60
316 309 302 304 338 31 44 36 30 41 66 66 60 70 77 77 89 107 106 105 99 91 82 72 58 62 45 11 18 51 64 65 53 23 334 312 312 311 312 317 324 346 11 22 25 19 0 335 334 22 65 82 91 87 87 94 81 85 85 89 82 85 88 93 101 101 100 82 80 72 16 315 304 303 299 303 309 317 322 322 328 326 326 338 33 73 77 75 73 85 88 89 95 83 58 27
309 306 302 297 325 28 46 39 41 41 74 81 81 101 102 102 105 106 107 105 99 54 49 50 65 56 21 2 40 65 65 61 47 38 18 340 312 306 312 312 319 342 10 21 24 23 0 336 340 50 72 81 81 84 81 78 78 71 72 76 85 95 101 101 87 82 82 71 72 56 344 314 308 308 302 302 299 300 305 315 324 326 326 356 51 84 84 83 83 96 96 97 95 37 37 15
296 296 294 284 285 306 30 49 48 59 84 90 96 100 107 106 105 92 88 77 65 40 48 58 72 61 32 6 24 60 71 42 39 39 22 341 319 305 306 312 319 341 11 24 29 26 22 356 337 20 66 78 82 82 77 72 71 68 69 75 93 99 99 94 70 69 71 71 77 77 37 300 300 302 303 306 308 305 313 316 322 324 331 25 72 84 92 93 93 90 87 85 84 27 5 3
282 284 285 272 272 276 0 61 68 77 85 87 91 100 88 89 91 66 66 52 45 43 55 69 58 34 15 8 48 67 61 42 43 49 18 337 332 314 309 312 312 318 338 6 25 30 20 358 343 20 90 88 85 81 72 69 69 65 69 81 86 86 86 77 65 66 69 74 83 79 3 309 307 301 301 302 308 313 313 317 323 324 325 345 56 85 91 92 92 70 68 67 56 6 1 8
272 272 272 263 264 262 0 91 86 85 76 77 77 80 75 70 71 58 46 39 39 57 70 72 58 17 13 23 67 62 43 32 46 46 45 353 334 339 326 315 310 318 338 2 25 28 30 22 10 85 128 109 93 87 76 76 71 70 66 69 78 75 72 65 69 70 73 80 90 73 334 316 320 313 304 305 305 304 309 305 311 321 321 9 72 86 78 80 77 59 61 55 27 3 9 32
265 264 261 257 257 255 255 244 106 83 70 74 78 80 67 67 66 47 41 44 48 64 64 49 29 18 25 25 58 60 45 33 36 40 34 350 334 338 330 317 312 321 335 3 28 31 73 100 141 141 137 137 125 113 106 94 79 84 75 73 75 80 74 69 77 79 82 87 93 37 37 308 309 315 315 305 304 300 301 301 307 315 319 29 69 75 68 68 64 60 57 37 37 1 13 38
258 259 256 251 254 254 252 245 0 69 68 75 75 72 67 69 62 47 45 53 58 61 58 45 28 24 27 40 48 40 30 33 32 33 25 350 332 334 330 320 315 321 333 335 12 42 79 95 107 125 91 105 113 113 105 105 97 104 93 87 84 87 79 75 82 85 89 92 98 86 330 308 309 307 304 303 301 297 297 297 302 309 324 35 65 68 70 68 68 65 63 45 17 19 52 86
262 254 250 249 252 252 249 248 257 59 70 72 68 66 73 73 67 52 47 52 59 51 37 26 22 32 38 46 35 29 32 37 34 34 18 343 329 329 330 331 324 320 323 339 26 60 73 79 78 80 65 72 83 96 87 99 108 110 110 114 106 109 96 86 95 97 101 101 93 46 314 309 313 312 307 310 308 300 295 292 292 299 307 329 45 69 76 74 74 71 55 22 10 65 93 104
258 249 247 245 248 248 247 247 252 252 0 83 78 73 74 67 53 44 51 59 60 33 26 24 27 41 46 43 35 30 41 41 50 43 39 6 331 328 330 328 324 322 326 350 37 62 73 63 59 61 67 70 70 74 80 83 88 96 106 119 121 122 110 100 95 106 107 104 85 343 303 306 307 314 314 305 304 303 298 296 296 300 307 343 62 78 82 81 79 73 34 12 27 94 100 100
245 240 241 238 240 243 245 238 238 242 233 119 87 77 63 51 42 43 50 52 46 24 25 27 33 41 47 41 30 26 38 51 60 53 31 350 326 325 328 328 322 323 329 10 53 65 65 74 66 60 78 79 79 79 87 90 93 96 107 113 123 126 123 113 107 112 109 102 101 60 320 297 302 303 306 305 307 306 302 315 310 307 311 15 78 85 83 83 80 80 48 21 31 71 97 94
252 241 238 238 237 240 241 236 233 235 225 176 103 73 47 45 43 46 43 43 38 30 25 27 31 45 40 28 23 43 57 64 58 45 14 336 321 322 325 324 324 323 324 337 71 90 82 95 82 76 95 91 87 86 95 100 108 110 118 114 119 125 125 129 123 123 116 111 76 345 322 309 313 308 306 306 316 319 319 320 319 313 317 325 52 82 78 81 81 72 33 36 67 89 99 85
254 245 240 238 236 237 238 236 233 232 222 217 0 0 45 36 46 48 43 33 27 25 28 33 38 39 30 26 32 67 71 69 58 32 32 6 326 318 323 326 325 323 317 145 118 117 110 108 101 99 95 105 99 95 107 107 110 117 126 128 124 125 126 131 130 124 116 107 76 333 327 322 322 316 313 312 308 308 317 310 315 317 314 336 65 78 78 74 68 51 39 63 86 97 89 48
242 240 236 235 235 236 236 234 234 232 232 237 243 275 356 29 50 50 32 22 20 23 31 38 42 38 38 48 48 61 65 67 55 24 29 8 330 320 326 327 325 322 299 121 117 116 116 114 116 116 115 121 120 115 118 111 109 114 112 121 125 120 128 129 128 107 99 63 352 333 331 331 334 332 325 314 306 298 303 302 310 313 312 357 71 76 74 61 51 39 54 75 75 88 78 56
228 228 228 228 231 237 236 234 237 236 234 234 241 262 306 13 45 42 25 20 20 24 28 34 43 45 51 57 61 55 62 56 35 19 28 11 334 320 324 325 326 338 45 45 85 93 99 102 109 114 118 111 117 122 120 112 105 104 108 108 112 120 124 119 113 64 66 56 348 322 330 335 335 339 337 327 324 304 299 302 306 309 313 20 69 73 73 61 49 41 48 65 77 81 62 27
