SW-DBSCAN/aspect.asc
ncols        791
nrows        808
xllcorner    449806.000000000000
yllcorner    4609726.000000000000
cellsize     30.000000000000
NODATA_value  -9999
[rows 43 to 85 of 808, columns 384 to 479 of 791]
56 57 59 59 38 38 32 28 35 43 51 63 60 45 19 17 9 330 305 302 308 322 341 8 35 50 56 56 51 30 28 31 40 55 52 42 31 27 26 39 135 144 172 194 193 161 92 80 80 59 46 35 38 60 96 101 104 108 101 105 110 115 109 110 104 87 86 85 89 91 91 108 122 168 184 181 177 188 226 260 266 267 256 213 214 220 219 217 226 239 213 213 196 176 162 133
54 53 53 53 32 26 28 30 45 54 61 58 48 34 20 17 9 329 305 300 305 305 311 334 4 37 49 50 41 30 31 38 49 53 47 37 31 92 110 127 136 142 142 168 189 200 196 203 160 70 54 64 55 81 96 95 95 98 93 93 94 100 101 102 102 93 90 89 88 86 87 95 122 148 180 179 191 216 244 259 250 244 228 211 218 218 224 220 212 217 222 194 185 178 172 156
50 50 49 44 23 21 31 38 59 65 65 40 35 31 31 27 19 10 330 302 296 298 303 324 355 34 44 45 36 33 36 42 51 74 72 74 74 131 135 137 138 136 140 162 186 203 208 212 199 165 118 188 135 101 97 94 93 93 94 92 91 92 93 97 100 101 99 94 89 94 90 92 107 137 174 181 210 226 235 235 234 237 230 213 211 219 225 219 206 205 203 182 180 177 177 170
46 47 46 37 21 26 43 53 72 71 69 56 25 30 31 30 23 12 328 301 292 293 294 311 339 22 42 42 35 33 49 56 67 107 112 118 126 133 136 138 137 135 137 154 181 206 213 212 197 186 183 195 199 179 127 117 99 96 92 91 92 92 87 88 93 101 102 103 101 93 87 94 108 114 135 170 204 221 223 226 228 233 227 213 208 221 227 219 199 191 186 174 178 179 182 183
46 53 53 48 35 41 55 69 83 75 59 34 19 30 33 32 25 13 332 308 292 288 294 294 294 310 199 74 49 46 98 101 103 107 111 117 124 123 133 138 137 132 130 144 174 174 209 217 208 194 189 194 201 194 163 141 105 96 92 87 86 87 80 80 84 96 101 101 102 66 69 86 102 116 130 167 204 223 221 223 225 228 223 210 212 226 230 220 220 190 177 159 164 175 182 191
73 130 102 74 51 126 106 92 83 63 33 13 14 29 34 29 23 13 13 358 321 296 287 287 267 233 192 194 135 99 125 119 111 111 103 103 110 114 127 127 138 139 134 127 130 167 207 214 202 193 189 193 202 204 192 171 115 98 91 85 82 82 80 79 79 85 103 91 76 54 76 99 110 113 120 160 212 224 222 222 222 221 221 216 212 223 235 242 218 178 161 148 154 168 183 199
144 159 159 150 139 163 149 112 117 39 7 2 340 356 19 31 25 18 15 11 336 307 297 243 206 191 190 195 171 138 131 127 122 122 131 117 107 112 110 116 131 139 143 131 129 157 198 206 197 193 188 193 204 210 207 211 190 137 107 108 94 85 90 88 91 99 123 101 57 54 102 109 113 109 111 144 144 205 225 223 221 219 216 213 229 240 246 242 210 165 149 142 149 159 181 207
159 161 166 167 165 172 172 172 186 191 219 306 227 260 4 37 20 16 19 31 329 294 277 195 184 183 189 189 189 175 158 136 130 134 141 136 122 120 111 111 121 131 147 138 135 145 183 199 192 192 190 188 196 208 215 217 202 159 124 122 109 97 105 103 107 117 142 167 157 102 147 124 116 114 109 107 125 190 223 221 219 217 215 219 248 254 253 244 195 153 144 140 140 146 155 186
157 156 158 163 167 168 172 178 186 201 208 214 213 214 204 176 205 193 78 181 213 213 231 199 188 181 183 186 184 177 164 141 129 133 139 144 135 131 119 113 115 122 145 145 149 151 143 166 176 185 186 188 201 213 220 226 211 171 136 125 119 111 105 110 110 110 112 134 171 177 153 135 122 119 111 108 118 172 217 218 219 215 220 234 258 258 258 254 229 178 146 138 139 144 155 190
156 156 156 158 162 166 172 181 193 200 207 211 210 211 209 209 210 205 196 188 187 200 206 196 188 182 183 184 181 177 167 148 133 130 132 144 145 145 140 128 119 120 119 136 155 164 151 155 162 176 183 189 208 222 229 226 217 180 180 143 120 112 111 100 102 105 101 111 143 163 142 138 128 124 118 112 117 151 209 215 215 215 221 238 258 257 256 250 213 165 143 137 138 141 154 196
158 157 159 153 156 161 173 186 194 191 199 207 208 209 212 212 213 208 200 189 183 196 201 195 189 184 182 181 179 176 176 168 155 136 123 123 136 147 143 137 128 128 123 129 152 167 163 154 155 164 179 192 195 220 235 239 230 217 190 169 119 100 98 90 92 97 88 91 103 127 105 123 127 127 126 127 121 116 132 196 213 225 240 254 254 251 250 242 196 153 140 137 135 137 151 152
161 163 167 167 152 146 155 175 188 188 198 205 208 212 214 216 216 210 202 186 179 191 199 194 194 189 184 180 179 177 176 171 161 140 122 116 124 139 136 142 137 134 129 128 143 162 162 172 162 163 157 167 203 238 245 241 220 213 199 199 151 102 91 88 87 88 88 81 77 78 72 79 94 114 108 120 123 111 120 176 216 240 252 256 254 246 243 233 181 181 148 138 133 133 134 153
146 160 167 175 157 148 149 172 186 187 198 206 209 217 219 220 220 213 213 198 172 174 189 195 192 187 183 180 178 178 176 176 169 145 123 115 116 125 120 133 133 125 133 135 131 138 156 175 172 172 162 160 219 245 240 229 213 211 206 213 186 186 120 103 93 88 83 73 63 65 73 78 85 95 88 94 105 97 105 149 221 248 253 253 251 244 240 237 215 173 144 135 131 131 131 153
124 145 150 175 167 148 146 162 181 187 202 212 212 217 221 223 225 222 212 191 164 167 185 195 189 185 181 181 180 180 180 183 179 151 156 127 118 114 113 108 113 125 119 132 135 140 153 174 177 175 165 162 226 237 225 225 209 210 212 214 219 208 147 123 102 88 79 65 55 65 85 87 89 88 91 90 92 92 97 101 127 230 248 248 247 238 235 232 213 169 140 133 131 128 130 153
109 120 129 164 172 156 163 153 157 169 187 206 215 221 225 225 225 219 207 184 161 165 182 192 186 184 182 183 183 183 185 195 192 186 154 131 124 119 119 111 106 108 107 119 133 136 148 164 173 160 171 163 168 217 222 212 208 211 214 217 219 216 184 148 119 98 80 84 73 81 99 99 98 96 100 99 99 97 109 108 126 229 246 243 242 235 232 229 216 164 137 132 131 130 128 130
121 114 109 112 139 167 154 158 162 164 185 209 218 223 227 228 225 212 199 176 161 166 166 179 182 184 183 186 186 188 192 203 200 188 154 134 129 125 129 122 114 107 111 111 112 114 128 143 153 148 155 150 168 192 204 205 212 215 216 217 216 216 200 168 140 140 130 155 153 115 102 110 105 102 104 105 107 108 113 112 128 233 247 243 239 238 238 235 232 217 152 134 130 129 128 130
124 114 93 91 99 133 108 136 155 164 178 210 220 234 238 231 231 205 200 187 168 161 164 175 179 182 184 186 192 196 201 209 205 186 151 136 133 133 137 135 130 123 116 111 109 114 121 137 146 143 139 127 141 139 184 205 211 214 214 214 209 212 214 207 176 150 154 174 182 136 115 117 111 107 108 108 111 113 115 113 113 127 233 248 246 241 239 240 240 201 144 132 127 127 127 130
110 97 84 82 80 86 91 101 124 145 127 157 206 247 257 250 221 191 188 178 165 160 162 171 176 183 187 190 199 203 207 210 215 210 179 140 136 137 139 138 130 122 104 101 100 105 108 128 138 145 135 115 108 120 114 149 174 205 211 210 206 208 215 215 176 152 158 190 194 141 123 122 116 111 115 112 111 114 118 117 114 129 235 249 246 241 241 244 241 183 139 129 124 126 128 128
99 87 84 103 98 91 109 108 110 116 136 149 208 259 261 236 196 180 179 172 165 157 162 170 177 177 186 193 205 204 206 212 219 211 168 135 133 137 139 136 125 113 93 88 88 93 84 92 115 131 154 154 147 135 114 121 174 190 203 205 203 207 215 213 175 149 158 198 198 191 147 140 131 122 115 116 115 117 120 119 116 131 240 251 246 242 242 242 232 223 175 136 126 126 129 133
207 142 108 121 115 110 115 115 117 125 141 155 223 259 253 204 177 173 172 172 166 152 153 161 171 180 192 204 214 202 204 209 217 208 162 131 126 130 136 139 139 124 110 91 84 82 83 86 102 135 156 161 159 137 117 109 132 137 184 201 199 208 208 215 209 174 146 159 194 186 156 149 140 129 120 119 118 119 124 121 120 139 247 247 253 242 239 239 237 218 171 136 127 128 131 137
211 165 131 134 125 117 115 114 117 126 137 166 240 240 262 246 174 150 165 163 156 145 149 159 173 186 206 221 211 192 197 209 212 204 204 170 127 118 123 132 146 135 122 95 88 85 92 96 111 135 156 160 156 140 118 102 102 90 94 132 132 187 208 215 205 170 145 159 184 183 162 155 150 138 125 121 120 120 128 128 124 125 189 250 249 242 232 232 231 213 172 137 129 129 129 134
207 172 145 146 135 121 115 120 118 118 127 140 197 257 263 236 157 150 160 154 146 141 149 161 173 203 229 234 232 196 178 184 188 202 200 187 138 111 115 111 138 144 122 105 95 92 100 105 119 139 144 161 165 161 145 125 106 93 83 90 132 135 199 211 197 164 142 153 166 177 165 164 160 158 149 141 124 122 128 128 126 129 213 242 238 234 226 225 224 213 174 138 130 130 129 126
199 199 174 165 155 143 130 127 124 123 129 149 233 263 249 206 154 160 162 149 140 138 138 149 163 196 229 244 225 175 163 170 173 189 196 197 170 110 99 81 98 135 140 128 128 107 112 110 115 128 150 165 170 147 140 137 131 141 110 88 90 98 154 200 186 186 161 135 115 132 161 153 162 164 159 153 129 122 126 118 120 129 207 228 229 230 221 221 221 229 218 171 137 130 130 124
210 192 175 170 159 148 136 131 126 126 128 166 245 259 218 185 185 162 169 169 149 135 139 153 170 217 248 254 0 146 146 156 159 177 193 197 196 138 138 115 77 79 108 130 141 125 120 114 120 136 148 164 158 147 98 121 150 130 139 139 107 120 92 102 100 154 163 132 111 108 130 153 149 164 166 163 137 118 115 106 108 108 109 181 217 228 225 221 224 229 221 160 132 124 127 125
203 189 179 174 164 154 141 133 126 124 119 122 179 243 229 201 180 168 178 177 151 137 141 161 184 249 266 266 153 138 140 146 142 148 166 187 198 205 191 183 130 93 96 116 136 135 123 111 114 131 0 0 0 0 38 59 69 62 81 123 145 168 129 88 95 109 151 145 123 102 104 123 115 145 163 139 161 148 122 116 106 100 104 139 213 226 221 223 230 235 225 144 122 114 117 122
199 191 184 177 177 170 161 151 134 124 119 110 175 239 219 200 182 173 188 184 155 144 147 173 209 272 272 271 253 155 143 141 142 146 161 182 197 206 202 195 178 143 113 124 125 135 123 128 109 106 111 0 0 4 36 60 60 77 82 101 141 168 179 138 95 103 120 148 128 135 108 96 97 99 112 107 135 150 135 118 110 105 104 95 188 219 223 231 238 242 247 231 128 106 105 106
201 198 194 187 181 175 167 156 135 121 112 103 147 230 210 201 187 181 194 194 187 175 159 161 201 258 256 235 197 158 147 145 143 147 160 179 198 204 201 195 187 187 176 177 151 128 132 129 111 106 0 0 315 351 56 78 79 107 103 100 118 147 147 186 186 173 117 106 119 135 120 103 97 96 98 97 104 121 127 106 104 98 91 72 72 101 147 232 242 246 249 236 119 106 106 105
198 197 194 188 185 180 171 160 135 118 107 101 127 127 170 200 201 192 191 194 189 175 174 183 234 236 216 199 182 162 149 146 140 144 152 152 171 194 197 197 192 184 184 187 172 140 128 128 117 112 347 329 327 0 78 91 91 100 125 125 118 127 137 176 196 189 153 119 126 129 125 108 94 92 95 97 98 98 98 110 103 93 79 73 78 89 110 235 246 249 247 231 126 106 108 106
193 195 195 192 189 182 176 179 165 138 115 99 90 98 170 174 200 196 190 194 191 183 192 217 243 205 197 191 181 183 166 151 143 135 139 148 177 184 186 195 185 180 186 192 183 158 136 120 103 87 87 349 349 0 85 111 111 116 133 133 130 120 118 145 192 184 170 140 126 126 117 103 107 99 96 97 106 111 112 100 94 84 74 101 99 96 110 225 247 249 247 227 138 138 123 110
185 185 194 194 197 191 182 180 172 144 115 95 80 76 91 89 172 190 185 194 193 189 210 210 228 206 191 192 192 181 165 154 141 140 141 153 181 181 178 190 182 182 189 194 194 189 175 176 108 60 18 2 17 49 107 127 128 130 134 133 127 85 79 88 146 153 153 170 154 159 146 124 124 110 105 104 96 98 101 71 78 87 97 123 118 110 113 122 207 247 252 246 216 147 138 123
136 171 190 192 199 190 180 180 180 156 121 99 78 71 69 75 97 97 83 141 190 195 203 221 223 206 190 194 194 172 160 156 148 148 144 156 183 182 182 172 166 176 184 192 202 201 193 215 0 8 3 19 49 76 114 127 131 134 115 111 111 99 78 77 83 98 119 154 162 166 167 149 138 114 102 97 75 67 67 71 97 97 109 123 126 125 121 127 197 248 246 233 196 156 151 144
128 159 180 185 191 186 180 182 188 174 138 175 139 93 78 82 74 71 73 79 137 187 212 222 218 204 199 199 189 165 158 155 155 148 147 145 156 185 186 164 149 162 183 196 214 217 216 241 265 306 343 39 71 91 99 111 116 114 96 90 81 78 109 103 97 99 100 118 148 146 169 164 156 121 96 96 88 78 75 80 112 115 118 108 112 117 122 125 198 246 234 215 185 162 156 156
128 116 144 169 154 154 177 185 189 194 191 193 181 135 97 99 85 76 73 79 90 148 202 215 215 210 214 204 191 169 163 158 151 142 142 143 156 184 193 164 147 150 182 203 222 234 236 247 247 251 263 233 161 96 99 106 103 98 90 89 98 107 119 126 112 117 104 101 113 113 124 154 172 176 146 109 115 108 108 109 111 110 107 92 96 105 116 119 194 240 234 217 198 178 165 158
104 100 77 68 42 66 115 175 169 194 198 193 195 172 124 124 107 93 83 99 99 93 114 176 214 215 210 200 181 169 164 161 149 139 135 139 152 178 196 176 164 164 158 182 208 225 236 243 237 235 236 218 191 127 106 99 96 94 55 65 82 101 102 102 128 135 136 124 116 129 123 135 168 185 174 137 133 124 121 115 108 99 93 92 95 91 95 102 116 180 225 199 186 175 168 163
104 125 0 29 97 70 71 97 88 166 195 199 203 193 193 172 150 139 126 141 128 113 125 169 216 210 197 192 175 164 167 169 156 146 130 130 135 151 170 189 196 190 163 173 213 225 231 236 230 225 223 210 198 149 109 82 69 69 42 45 56 67 81 87 105 130 133 138 134 142 135 132 156 184 191 159 140 129 129 126 123 118 113 104 117 103 98 107 111 157 206 184 179 175 167 166
113 136 183 213 97 120 78 69 84 73 90 163 170 205 199 178 165 159 152 158 147 131 125 164 201 197 186 183 172 172 170 169 175 180 162 139 137 159 168 183 196 207 175 167 210 225 227 230 225 217 214 212 206 200 171 147 84 53 42 60 71 78 94 92 95 110 113 130 140 136 139 136 136 136 174 199 177 152 128 125 118 123 129 128 140 127 113 117 109 128 181 161 165 170 170 142
122 141 141 173 201 189 171 125 135 95 77 88 101 180 193 175 169 165 163 160 148 138 131 96 118 178 160 173 173 171 171 167 173 170 165 154 151 159 172 182 200 209 190 180 213 213 225 225 222 219 216 211 201 199 192 187 156 90 52 92 97 98 111 106 101 101 97 96 104 96 110 127 131 115 143 195 191 174 135 119 119 123 135 142 153 147 133 140 140 127 124 114 113 117 131 66
139 139 141 159 188 180 180 167 161 154 117 87 108 128 175 175 156 156 151 51 75 97 99 52 67 98 88 127 146 160 131 145 156 170 135 146 151 122 161 161 178 195 216 201 198 225 229 225 219 218 219 211 195 194 197 203 198 184 0 114 114 112 124 125 118 106 105 97 92 96 93 104 114 105 104 161 193 189 161 131 138 135 135 145 162 162 159 154 142 130 119 58 62 63 63 45
140 98 117 138 168 150 171 169 161 160 158 158 137 121 109 130 14 28 46 41 43 43 45 53 61 70 88 78 85 95 71 86 98 98 69 72 74 37 50 74 141 140 213 204 198 242 242 228 214 216 215 205 186 189 189 207 221 225 215 123 117 119 124 130 130 118 113 103 96 91 99 102 110 133 106 116 116 142 185 178 163 147 142 151 151 148 145 149 59 55 55 37 37 36 40 47
80 54 70 91 123 61 83 115 133 65 80 117 60 68 54 29 11 28 40 60 52 43 47 66 69 72 74 78 72 65 68 68 71 69 82 60 34 23 40 50 63 72 173 202 217 248 247 225 209 198 205 206 195 180 183 218 241 254 0 114 115 118 124 125 132 126 118 111 107 102 118 114 113 136 162 144 116 123 163 177 163 142 137 142 29 41 53 58 35 36 38 43 42 42 39 50
38 47 58 59 56 62 60 51 57 39 41 49 41 23 9 5 34 59 65 60 59 59 54 84 86 84 81 84 74 68 76 77 81 86 81 57 8 23 49 55 58 69 69 88 189 229 238 230 194 186 194 199 190 178 183 218 255 268 0 120 113 112 116 119 119 128 132 128 124 122 133 128 124 136 166 171 132 133 140 165 159 120 90 36 24 24 36 41 55 50 46 43 52 52 49 56
49 56 82 72 63 65 56 46 41 30 41 47 33 13 2 2 46 80 86 78 68 66 74 118 116 105 95 88 78 75 67 70 74 78 72 78 78 0 192 168 88 109 81 80 116 199 225 214 191 189 195 195 187 180 194 233 244 244 232 170 130 117 113 117 121 129 136 134 134 135 141 137 134 141 164 177 159 145 135 135 144 49 32 12 21 40 51 55 66 61 56 53 59 57 55 63
111 94 104 91 78 53 48 41 41 29 28 39 44 26 10 12 84 87 81 74 87 95 108 127 131 119 104 62 62 63 63 78 82 83 103 102 113 157 169 185 172 175 110 84 90 123 212 207 191 194 198 198 194 186 183 207 233 225 207 176 141 123 118 124 127 133 136 140 140 142 145 144 144 144 145 151 166 61 70 67 56 16 9 7 21 59 66 69 75 67 63 60 67 65 65 71
