SW-DBSCAN/elevation.asc
ncols        791
nrows        808
xllcorner    449806.000000000000
yllcorner    4609726.000000000000
cellsize     30.000000000000
NODATA_value  -9999
[rows 0 to 40 of 808, columns 552 to 643 of 791]
415 413 411 410 408 407 405 405 409 416 417 416 416 417 417 417 418 418 417 416 414 412 410 410 411 410 410 411 412 411 412 414 420 415 420 418 421 431 441 449 441 449 458 478 493 508 521 520 528 541 558 570 588 607 629 629 643 654 643 638 627 601 595 595 607 613 627 640 649 647 662 672 655 660 667 671 669 684 699 703 711 727 744 749 760 770 779 783 789 796 799 808
415 413 412 410 409 407 407 406 405 405 409 403 411 416 417 416 417 417 416 416 413 411 409 409 409 408 409 409 409 409 410 411 412 413 415 414 417 427 435 440 439 452 465 484 496 506 514 502 515 515 531 554 574 591 615 627 634 640 628 624 613 588 582 585 600 604 616 626 633 635 635 648 634 637 641 652 665 680 694 693 704 720 736 742 755 766 775 778 784 791 791 797
419 415 413 412 410 409 408 406 405 404 402 403 404 409 413 404 412 416 416 416 411 411 407 407 407 408 406 407 408 407 408 409 411 410 411 413 413 418 426 432 443 456 470 470 478 483 489 481 497 514 533 562 581 599 609 614 619 623 609 610 598 588 568 575 575 582 593 603 609 612 625 632 619 623 625 646 659 673 685 693 698 714 727 736 750 761 761 762 771 778 774 779
419 415 413 412 411 409 408 407 405 404 403 403 403 402 402 403 403 406 412 406 408 407 405 406 406 406 404 404 406 406 407 408 409 407 409 410 413 411 413 420 430 445 459 472 462 463 472 484 501 520 540 560 582 598 590 594 598 605 585 592 593 583 558 555 567 573 583 589 599 605 613 614 604 606 617 641 652 665 674 685 676 692 707 717 730 742 753 753 761 769 760 765
419 414 413 412 411 410 409 407 406 406 404 403 403 403 403 403 402 401 400 401 402 404 404 405 405 405 402 403 405 405 405 405 406 404 405 406 408 408 411 417 424 442 456 463 444 454 467 481 500 519 537 558 558 578 588 570 572 577 569 576 576 566 541 543 559 562 568 577 591 593 597 598 604 596 596 616 630 644 654 665 670 687 704 710 721 732 743 741 749 755 760 746
418 414 413 413 413 412 411 409 409 407 405 403 403 403 403 402 402 402 401 401 400 402 401 404 404 404 402 401 403 404 403 404 404 402 403 403 405 406 409 412 416 433 444 447 438 451 451 466 485 501 517 538 555 567 567 547 551 558 554 561 558 549 527 535 550 562 557 557 570 568 576 582 587 578 593 611 621 633 644 656 666 683 697 710 713 722 732 727 733 733 738 725
429 420 415 414 413 413 412 411 410 408 406 404 403 403 402 402 402 402 402 401 401 400 400 400 401 402 398 400 401 402 401 402 402 401 401 402 404 404 405 409 403 410 421 429 427 439 451 468 487 504 520 532 549 550 546 528 531 542 539 545 542 542 518 518 530 538 539 551 561 556 565 573 576 573 591 605 608 622 636 651 662 677 692 692 694 703 711 704 710 716 721 703
429 425 418 414 413 414 414 412 411 408 406 404 404 403 403 402 402 402 402 401 401 401 400 400 399 398 398 398 399 401 399 400 400 399 399 400 401 401 402 402 403 406 413 419 425 441 457 472 480 496 513 528 538 533 528 509 509 515 526 528 531 527 505 515 524 527 529 539 546 551 559 562 562 571 585 595 608 601 616 632 644 657 671 683 684 692 698 688 695 700 703 697
432 430 424 417 415 417 417 415 414 411 408 406 405 403 403 402 403 402 402 402 402 401 401 401 400 399 399 397 397 397 397 398 398 397 398 398 399 399 400 400 402 404 408 415 420 437 454 467 471 471 488 505 522 527 517 493 494 504 517 515 517 510 501 511 514 521 520 528 540 541 545 545 546 553 569 580 588 602 618 629 640 651 662 674 672 679 683 674 678 680 684 709
444 445 438 431 424 422 418 416 414 411 408 407 406 405 403 403 403 402 402 402 402 402 402 406 405 402 403 400 398 396 396 396 397 397 397 397 398 397 398 399 401 402 406 406 408 414 426 441 452 469 487 505 516 512 501 480 484 496 507 499 499 497 497 504 506 506 506 515 524 533 523 529 536 556 570 581 591 604 618 629 637 646 654 663 658 664 664 668 660 665 675 698
455 454 444 435 428 422 417 416 414 410 408 407 408 407 406 404 408 405 404 406 406 407 405 426 419 410 403 403 400 397 397 396 396 396 395 396 396 395 396 397 398 398 401 404 408 408 416 435 449 467 487 505 505 495 486 466 475 484 493 477 481 482 487 492 496 497 494 504 512 520 511 526 540 557 571 582 592 604 616 627 627 633 640 646 639 643 649 653 665 673 684 708
467 455 443 433 427 433 421 414 412 410 410 410 413 411 411 410 411 409 408 416 419 425 428 447 438 425 411 411 405 400 401 401 397 395 395 394 394 393 394 395 397 397 399 401 404 406 417 433 447 466 488 503 491 491 479 458 457 466 471 456 462 468 482 482 485 488 493 495 499 504 510 525 541 557 557 571 583 594 604 615 626 629 633 637 634 640 651 660 684 687 692 718
472 455 444 442 442 455 444 431 416 423 418 415 425 420 416 415 423 416 415 416 440 450 453 468 453 453 437 439 429 419 434 420 408 399 405 398 394 393 392 394 395 394 397 399 402 403 412 412 425 444 464 485 487 479 468 458 449 454 454 450 457 464 473 480 483 488 501 505 505 507 516 512 522 541 555 571 586 594 604 613 622 620 622 625 647 659 669 677 699 704 704 707
481 462 460 462 460 468 457 444 432 442 434 430 445 437 432 429 442 432 429 429 456 465 476 498 487 471 449 463 457 445 463 450 436 422 428 413 405 395 394 392 392 391 392 394 397 397 400 407 423 442 460 479 473 466 456 449 439 439 444 455 465 471 471 488 494 494 502 507 514 516 526 522 522 536 553 568 583 590 600 609 616 607 620 620 646 660 672 683 706 717 725 724
468 458 479 479 476 482 470 459 449 461 457 451 445 468 461 455 474 468 454 450 479 486 495 516 507 490 472 489 484 476 463 476 463 446 468 450 434 421 408 397 392 391 390 392 395 395 399 405 423 440 458 473 457 451 445 439 433 436 441 453 459 471 480 500 506 506 502 510 518 525 536 532 528 534 552 570 585 572 580 589 597 593 613 631 646 668 681 694 719 732 739 742
470 476 494 494 490 482 487 487 476 485 482 480 477 492 485 481 496 489 479 473 499 509 516 516 526 509 491 514 514 511 501 516 504 488 483 465 447 429 410 399 395 391 390 390 393 394 398 405 423 438 438 455 442 437 433 428 444 448 451 453 465 476 488 511 516 515 510 515 520 530 541 541 542 538 541 547 561 557 566 574 585 602 621 637 653 673 688 703 728 741 753 757
486 486 507 510 509 506 516 504 493 505 501 501 496 514 509 502 517 510 502 497 523 533 533 538 556 546 529 543 539 536 529 541 521 503 493 473 454 432 410 401 396 393 391 389 389 389 393 397 404 421 436 443 419 420 426 436 460 464 465 464 477 482 497 516 524 524 523 525 522 522 532 545 551 547 553 547 548 557 566 575 587 605 622 641 657 676 692 692 712 730 746 761
499 504 526 527 528 524 537 526 514 528 523 521 519 536 530 524 524 541 533 526 544 548 553 558 574 565 554 571 564 563 555 557 537 515 493 477 455 433 434 413 401 398 396 393 391 388 392 397 403 416 424 423 419 431 443 453 475 480 481 481 499 491 489 509 521 528 530 533 529 528 532 547 555 556 565 563 560 562 586 591 596 610 614 621 639 658 676 692 712 730 748 764
516 521 545 550 550 547 561 549 539 552 552 546 544 563 557 553 546 560 556 548 570 571 574 576 593 588 580 599 596 593 579 564 564 543 521 501 480 457 437 417 402 399 397 394 391 389 392 396 402 403 404 410 416 432 448 459 482 491 498 502 515 507 500 515 524 535 537 543 539 535 535 550 559 565 574 574 574 576 591 597 604 628 635 638 644 665 674 689 710 729 747 766
534 540 570 573 573 573 593 583 571 559 575 571 567 586 580 573 567 584 577 572 595 596 597 597 615 610 610 606 625 616 604 581 561 542 523 502 482 459 442 421 403 400 397 394 390 389 392 392 394 398 402 410 419 450 462 473 497 509 515 516 524 516 509 515 531 541 545 554 551 551 547 552 552 562 572 578 581 585 598 607 617 628 653 660 662 686 690 696 709 726 726 744
547 554 562 593 599 596 616 607 594 583 604 598 593 613 606 601 592 613 606 600 600 621 620 621 645 640 635 629 636 620 603 575 555 538 522 502 484 464 442 425 407 407 400 396 394 390 389 393 395 400 412 426 436 464 474 486 508 520 525 527 534 526 520 520 534 540 549 567 565 563 559 565 560 563 574 579 584 590 602 615 629 643 663 672 672 688 698 708 713 738 742 749
565 569 580 613 621 621 641 630 620 611 633 627 618 644 638 632 625 649 643 636 627 644 645 646 667 665 659 649 635 616 597 571 552 536 519 518 501 482 464 441 422 404 399 396 393 389 391 394 397 402 424 439 452 475 486 496 496 516 527 536 548 545 540 534 546 552 561 580 579 575 572 581 571 569 574 582 584 593 601 606 619 636 651 665 677 690 705 720 730 752 761 765
585 585 597 630 642 644 664 664 658 648 665 658 650 644 664 660 655 673 666 658 650 658 663 667 674 676 667 652 627 627 611 591 569 553 536 516 497 479 460 433 412 401 397 395 391 388 393 396 399 402 410 432 447 468 481 492 503 520 532 544 561 559 553 549 563 566 575 580 594 590 587 599 599 589 578 589 595 597 620 617 623 636 648 662 677 690 705 723 738 757 768 780
608 608 606 636 651 662 683 684 681 674 689 679 672 666 679 684 681 670 662 655 653 651 659 659 652 660 662 653 626 614 601 586 564 551 535 513 494 473 452 425 405 400 396 394 394 389 392 396 399 400 426 442 456 476 485 495 508 522 537 552 573 576 572 565 581 581 581 587 609 611 608 624 620 609 594 605 616 622 648 639 636 638 659 664 675 689 699 699 718 732 752 769
628 633 634 660 670 680 683 701 700 696 700 691 683 678 675 675 674 647 642 634 633 621 631 642 652 635 639 635 609 597 585 575 554 547 533 508 489 467 467 437 417 402 399 395 392 386 395 400 404 413 442 454 466 487 493 499 510 526 541 558 558 582 593 589 605 605 603 603 624 624 625 642 639 629 613 627 635 649 648 663 654 654 673 678 681 684 705 709 718 735 749 768
656 660 658 683 692 698 702 712 709 703 690 690 681 676 654 653 650 619 614 610 612 602 610 619 629 614 619 619 593 577 565 558 540 538 537 519 504 484 462 435 414 401 398 393 390 388 399 407 420 431 452 463 476 495 495 504 510 530 535 549 566 588 603 606 623 622 621 620 638 638 640 661 659 648 638 666 671 664 672 685 679 675 688 692 697 702 723 729 731 754 763 777
677 678 680 708 711 711 713 712 708 702 679 670 662 657 630 626 621 619 589 585 593 584 590 600 608 594 594 602 584 575 560 546 521 521 521 519 498 480 457 435 415 399 394 391 389 393 401 414 414 429 443 455 468 482 503 516 526 547 554 563 575 595 609 619 634 640 639 637 649 649 651 657 675 677 671 691 693 690 688 692 693 691 704 705 711 717 738 744 750 754 777 777
697 697 700 720 722 722 718 702 695 688 679 644 638 632 601 597 593 590 565 566 566 559 566 575 583 570 577 584 584 560 546 532 506 502 504 506 490 476 455 437 418 397 397 388 385 390 395 400 413 430 441 456 471 487 511 529 540 548 557 568 580 590 607 607 622 633 647 653 661 658 660 668 679 687 690 700 700 700 695 699 702 704 704 720 724 724 743 751 757 765 787 791
716 717 718 727 724 718 709 681 673 664 654 619 612 606 580 572 568 566 547 548 550 544 550 558 566 554 560 566 566 545 535 519 493 488 490 490 477 477 469 448 435 418 395 385 385 393 396 403 417 430 445 460 476 492 516 532 542 528 532 547 562 567 585 602 617 617 637 656 656 658 659 668 667 680 694 696 699 698 698 693 701 707 714 726 732 736 752 762 771 779 798 805
733 731 729 727 712 701 691 658 658 644 635 602 594 586 561 556 551 549 537 537 539 544 535 543 548 535 542 547 549 528 528 522 498 485 473 474 461 461 458 448 426 410 392 383 388 394 398 406 422 434 448 448 463 481 501 515 525 528 521 534 549 563 581 596 607 608 625 643 637 645 650 658 641 653 669 687 685 687 689 690 701 710 718 731 741 746 762 771 782 791 810 818
743 735 735 727 699 687 678 643 631 619 609 584 573 565 558 549 543 538 531 524 525 529 517 517 524 513 516 520 526 507 508 506 488 478 464 458 446 446 443 437 414 399 388 383 390 390 394 399 405 422 437 450 466 484 498 502 507 510 507 524 542 558 574 584 596 600 600 613 606 616 624 633 624 641 662 676 669 672 678 686 699 711 722 734 747 755 773 780 780 790 808 818
750 737 726 713 676 666 656 622 613 605 596 593 581 568 558 563 553 553 560 545 530 518 511 503 506 497 498 501 504 488 491 491 488 472 460 450 436 431 430 430 411 402 392 383 385 392 395 399 405 422 437 454 471 487 482 485 488 495 504 521 521 533 549 557 568 577 591 599 606 596 604 612 613 635 653 661 655 658 671 683 697 711 711 724 737 752 763 780 789 797 816 825
736 722 707 691 658 644 633 622 618 611 603 618 608 596 584 592 583 572 577 563 547 528 522 505 497 497 484 484 487 471 473 477 476 463 464 458 445 435 426 419 404 396 389 383 384 392 396 401 412 428 439 461 474 482 466 468 470 475 485 501 517 519 528 538 555 571 580 582 587 579 586 596 611 627 638 643 632 640 648 663 679 695 710 724 738 755 769 785 796 806 822 830
719 702 685 670 651 651 641 631 640 631 625 635 624 611 601 610 601 591 588 575 561 541 527 511 496 487 478 478 473 461 457 455 459 449 452 451 438 431 422 413 403 395 388 382 383 392 397 408 408 423 433 450 462 467 452 452 458 470 480 495 507 519 511 530 552 559 561 564 570 562 562 573 589 602 612 619 622 625 642 663 673 690 707 723 739 756 772 788 800 811 825 825
734 702 688 677 667 656 650 647 663 655 645 653 642 631 619 621 610 600 588 569 558 558 536 524 511 498 486 474 468 469 462 453 448 439 437 439 438 421 416 411 400 394 394 389 384 381 392 400 418 433 440 451 452 452 452 443 453 467 470 481 492 500 509 531 531 538 539 541 545 537 551 569 589 587 596 610 602 615 639 656 667 684 703 720 737 737 755 773 789 802 814 826
719 717 699 682 671 665 667 669 689 677 666 669 656 643 632 633 619 607 593 571 560 549 528 517 505 496 496 487 476 482 471 459 448 443 434 428 428 424 419 414 410 402 395 389 384 381 391 405 425 438 444 438 438 438 438 439 448 458 448 456 466 476 492 511 528 521 522 524 529 530 546 564 578 571 586 598 590 612 634 634 647 663 681 695 716 735 754 771 788 801 814 826
727 730 710 688 686 690 698 697 721 709 695 681 674 659 645 627 610 595 582 560 549 539 521 514 508 502 514 505 494 482 495 480 467 459 446 436 429 430 424 417 409 401 395 389 384 379 389 405 422 431 436 422 425 427 426 427 433 439 437 446 459 473 494 508 519 521 504 508 515 524 540 554 564 549 562 574 571 586 607 627 640 659 677 695 713 734 753 768 785 800 813 824
746 738 738 716 693 716 723 727 736 721 707 691 672 657 641 617 599 585 572 549 539 531 521 530 530 527 546 536 524 509 504 486 472 466 453 441 434 432 425 418 409 402 396 391 385 385 379 385 401 412 418 412 415 417 422 421 425 431 434 445 461 476 487 496 500 502 487 487 493 501 516 529 542 541 554 562 568 584 601 620 633 655 674 693 712 734 752 764 764 782 798 811
773 762 740 718 711 746 751 749 743 726 709 690 664 649 633 604 590 576 576 556 544 540 536 554 556 553 568 553 538 522 513 492 478 474 460 448 438 432 425 425 417 408 401 396 391 385 378 387 397 402 408 403 407 412 417 415 421 426 434 443 457 457 463 473 478 481 470 476 487 493 504 518 528 531 545 555 568 590 600 614 633 652 652 670 687 709 730 745 763 782 798 812
783 762 741 734 738 771 771 760 738 720 699 680 669 653 635 619 591 579 567 562 558 555 554 579 581 580 582 564 549 533 525 503 487 487 479 465 452 440 432 424 417 407 400 396 391 385 379 379 392 397 400 403 404 408 412 407 412 418 424 427 437 450 451 457 461 464 465 472 481 493 503 511 519 537 549 563 563 589 602 611 630 640 654 669 688 705 725 745 763 782 798 817
785 766 760 761 767 785 785 773 743 726 706 686 653 634 616 601 583 577 568 579 575 575 576 602 606 598 593 593 576 558 551 535 515 496 479 467 453 446 434 424 415 407 401 396 393 388 380 380 392 392 395 397 398 401 404 405 410 415 420 425 433 442 438 443 448 456 466 474 484 494 498 508 518 536 547 562 574 600 611 619 640 649 659 671 695 708 726 745 767 784 801 823
