SW-DBSCAN/elevation.asc
ncols        791
nrows        808
xllcorner    449806.000000000000
yllcorner    4609726.000000000000
cellsize     30.000000000000
NODATA_value  -9999
[rows 574 to 614 of 808, columns 276 to 367 of 791]
687 668 657 642 627 607 589 573 558 531 525 525 524 538 547 556 546 548 543 522 502 494 501 493 493 490 487 465 463 464 440 441 441 440 418 417 422 413 404 390 388 417 428 434 436 456 447 436 439 444 453 444 452 439 439 456 476 493 499 514 508 503 502 520 516 521 546 553 564 570 585 584 580 590 588 588 589 595 588 580 567 538 520 503 477 462 439 411 414 434 448 476
675 657 647 635 622 615 600 582 565 543 526 517 510 521 532 538 530 535 534 516 501 485 489 480 479 476 476 454 449 445 416 417 419 420 403 403 408 395 390 391 401 442 451 458 458 477 469 454 472 450 449 463 477 472 460 472 483 502 515 526 523 523 523 540 539 540 561 572 580 580 603 604 599 605 603 602 601 594 583 569 555 531 514 496 469 448 425 406 436 447 447 479
661 661 640 635 626 605 591 576 559 539 522 505 493 507 518 525 510 517 520 516 499 492 475 460 462 462 457 436 429 419 400 401 403 403 403 400 399 395 396 411 426 464 464 474 480 507 501 488 484 464 452 475 488 487 479 472 495 513 525 537 539 540 541 557 556 555 576 585 592 600 616 614 610 605 617 617 604 592 578 563 549 526 510 488 476 456 432 413 438 450 464 479
645 644 624 622 615 591 582 568 554 535 518 495 493 493 493 505 493 491 494 497 482 480 469 446 442 443 444 409 405 401 400 406 402 402 421 416 416 406 419 417 433 469 487 498 504 526 519 504 484 475 460 475 499 505 500 492 511 511 522 538 546 551 556 570 570 571 576 608 610 615 630 625 620 618 630 622 606 588 588 572 559 535 520 501 476 438 421 422 456 467 480 492
627 626 609 606 602 577 570 560 560 541 530 513 488 467 479 491 473 471 471 478 461 463 457 427 422 422 414 402 403 403 407 427 428 429 449 444 438 430 449 442 451 485 505 513 523 538 535 519 498 486 472 472 500 516 520 519 530 523 528 547 556 564 568 585 586 593 604 628 631 632 653 648 648 637 642 635 620 601 584 569 554 529 509 486 462 424 425 442 472 482 494 506
606 607 589 589 588 583 562 557 550 534 524 506 480 457 464 470 455 451 451 454 437 439 435 435 406 405 400 416 419 423 424 447 450 451 469 464 461 455 473 469 467 485 515 528 537 546 549 546 534 522 494 484 520 530 534 534 544 536 536 547 569 577 583 602 604 614 614 642 647 652 673 674 667 653 644 632 616 601 580 565 548 525 496 469 446 425 441 459 473 484 496 509
589 588 568 569 568 566 549 545 541 524 513 492 468 449 451 454 438 438 436 432 415 413 413 412 405 405 411 438 443 445 446 471 473 473 490 485 481 477 493 493 486 482 507 526 539 558 561 558 545 531 503 499 534 542 546 547 562 553 552 560 578 586 595 616 617 622 633 657 664 668 687 684 670 656 639 624 608 594 578 563 545 515 515 481 455 429 435 456 485 496 510 523
567 569 551 550 551 550 535 533 529 507 497 497 476 451 439 437 440 423 419 418 403 403 401 403 426 429 438 467 471 474 473 492 493 493 494 512 505 504 524 516 508 499 519 536 549 572 575 570 554 538 512 521 534 556 556 564 586 585 582 576 600 605 611 633 639 643 652 672 676 683 687 688 669 653 633 619 619 603 585 576 560 538 506 471 446 433 449 469 485 509 525 535
548 549 535 536 537 537 523 521 517 493 488 477 464 438 427 425 427 410 406 400 418 422 425 423 449 456 464 492 494 494 492 511 512 512 516 530 525 526 550 544 532 519 531 549 565 586 588 582 582 573 544 533 540 566 576 582 603 604 603 602 623 625 629 651 662 665 670 690 692 695 695 700 683 665 651 632 620 601 584 572 554 527 495 463 441 443 466 483 496 523 538 538
534 532 519 521 521 523 509 507 502 493 471 461 451 425 417 412 412 405 408 414 443 443 445 443 467 475 483 492 518 514 513 530 529 529 532 547 551 554 573 565 552 536 558 548 566 580 599 599 592 584 557 553 559 590 599 601 623 625 626 625 642 641 642 651 670 680 686 713 713 711 709 697 680 666 651 634 619 600 580 565 546 527 484 457 438 443 458 481 495 518 536 555
529 519 519 501 504 508 494 492 485 481 456 446 435 417 411 411 408 411 418 432 440 466 466 466 492 501 513 516 539 537 533 547 545 542 543 562 562 570 574 595 589 574 584 568 584 595 613 612 606 594 577 579 583 612 616 621 623 645 647 646 662 659 657 661 691 701 710 734 727 720 714 695 680 666 651 633 616 598 570 570 554 536 493 471 448 456 477 491 503 532 546 565
529 513 503 485 485 492 477 477 475 475 449 440 432 416 412 410 408 427 434 450 461 483 487 486 519 527 536 540 557 554 554 568 565 568 564 580 579 591 597 619 612 600 610 591 600 607 627 626 616 606 596 596 600 623 630 636 641 664 664 664 680 679 678 681 705 718 730 750 736 721 711 695 678 678 663 638 624 608 574 559 540 521 480 461 446 475 490 501 515 542 555 572
525 508 491 493 479 470 463 463 462 457 435 423 419 416 420 424 425 449 451 459 475 494 503 510 531 545 551 556 573 574 574 568 582 586 587 602 603 608 616 642 637 626 627 610 612 612 638 643 638 625 614 613 618 641 647 652 660 681 682 681 693 693 693 698 723 737 745 745 747 732 719 704 690 672 656 625 612 595 561 543 523 501 473 456 458 475 501 514 514 543 553 568
541 525 511 497 480 466 461 457 454 449 422 417 418 420 440 443 445 479 479 479 482 502 503 517 543 555 562 568 588 591 591 588 605 606 607 618 616 624 635 650 657 653 662 645 623 627 654 657 649 631 626 630 635 658 662 672 680 697 696 696 708 708 707 709 731 742 748 750 739 726 716 693 679 663 647 616 604 583 553 537 510 490 481 467 465 479 504 517 529 555 570 590
545 530 514 496 479 466 461 454 451 439 415 417 417 425 450 458 468 503 508 507 504 520 516 527 543 562 571 584 601 607 607 606 621 621 623 633 628 629 638 661 675 676 662 661 640 641 667 669 661 640 643 648 654 678 681 681 690 709 711 711 709 727 727 727 748 752 751 748 729 718 706 679 665 652 632 605 605 593 575 545 527 501 474 476 486 497 521 530 545 571 591 613
543 527 512 492 476 465 465 457 447 437 413 416 422 437 468 480 491 503 532 530 527 541 534 536 550 570 587 587 605 614 621 622 638 637 635 633 644 642 647 674 690 696 685 681 658 659 679 679 673 673 671 658 667 673 693 696 703 723 727 728 728 747 746 746 759 755 750 742 720 709 709 693 665 648 636 606 588 577 565 535 514 491 484 495 505 513 537 547 559 571 613 629
558 541 522 498 485 472 466 446 427 416 419 425 434 451 488 497 509 525 548 550 546 566 559 552 546 565 583 598 617 628 635 637 654 655 653 648 664 660 660 682 699 710 700 711 694 674 688 694 693 686 689 676 683 690 709 711 716 737 743 745 747 757 759 760 776 773 758 745 727 715 701 682 659 642 624 599 576 561 551 517 497 481 500 511 519 519 543 553 562 573 605 628
552 534 513 489 478 468 461 427 413 412 419 442 452 472 502 502 513 526 554 562 566 584 581 571 562 576 592 608 617 641 647 652 669 668 667 666 678 678 674 689 691 703 718 720 704 689 688 714 714 707 710 695 699 705 723 725 730 749 749 752 757 775 775 775 776 775 756 739 726 713 699 677 655 638 619 593 573 553 535 533 511 488 488 511 522 533 558 568 577 587 621 638
543 523 504 480 471 458 444 418 420 420 429 455 466 479 510 523 532 546 574 583 586 602 599 592 580 593 601 615 629 651 659 659 681 685 687 685 702 698 693 711 708 713 725 732 717 704 705 730 730 724 725 717 717 718 740 742 742 756 759 766 771 791 793 795 787 773 751 737 725 711 697 675 652 652 634 613 592 576 554 534 511 489 499 521 535 547 576 586 594 605 635 648
528 509 493 493 471 462 445 421 423 437 448 474 488 499 530 548 558 565 592 596 600 602 619 611 600 621 612 615 624 647 658 671 695 700 702 703 720 720 715 711 728 729 737 746 736 723 723 741 751 749 755 737 731 740 760 754 754 756 774 780 785 818 816 809 792 768 748 748 735 723 709 694 666 646 630 613 600 582 558 534 510 494 507 537 550 563 589 603 614 614 638 647
531 513 497 483 461 449 432 423 433 446 459 493 507 515 549 562 574 583 596 603 608 617 639 636 631 642 640 644 641 659 665 680 703 708 712 718 736 738 736 732 754 751 748 763 762 754 744 761 763 763 768 758 753 758 769 769 767 771 789 795 807 824 832 825 809 781 761 745 734 721 707 689 668 651 637 623 607 584 558 533 505 501 516 532 549 561 584 603 618 630 647 658
517 501 486 472 452 438 424 432 440 452 474 506 506 521 533 557 573 586 609 616 625 635 657 656 649 663 666 666 662 679 676 688 703 719 719 725 747 753 759 756 769 765 763 776 772 767 761 773 779 775 768 767 765 769 785 785 785 784 801 803 812 832 832 820 799 775 757 745 734 720 705 688 680 664 649 630 606 606 581 551 526 501 513 544 556 569 584 613 627 638 654 663
505 491 476 463 442 425 425 423 439 445 467 504 517 532 545 568 585 599 621 632 640 650 668 670 666 663 690 690 690 712 708 702 702 722 730 739 761 772 774 774 790 785 780 776 795 784 775 802 799 799 793 796 782 779 799 800 801 799 812 817 825 832 830 814 793 770 757 746 733 719 708 708 699 685 670 651 622 598 574 551 519 506 527 553 565 580 594 622 636 647 661 667
511 497 482 467 447 429 424 427 448 467 487 514 526 540 553 579 597 610 629 640 650 661 665 675 683 686 705 711 714 733 732 725 721 741 744 751 773 781 788 791 813 810 801 801 815 815 811 826 822 818 808 810 799 798 816 814 812 812 826 833 840 839 827 808 790 789 771 759 746 727 718 709 694 681 665 644 611 590 565 544 516 520 541 564 579 591 591 619 630 643 663 671
511 490 473 459 439 429 429 436 465 483 499 522 538 551 563 586 586 601 616 627 641 654 664 674 686 700 708 720 729 746 749 746 742 759 760 765 773 785 797 805 825 827 826 822 835 836 834 849 841 832 823 821 817 818 816 828 823 821 842 842 850 853 841 823 804 789 773 760 743 726 716 706 694 672 654 634 604 582 554 538 532 522 537 567 580 591 603 629 638 649 663 680
505 487 472 457 436 436 437 448 476 488 488 501 525 544 557 564 577 593 610 618 638 651 659 670 684 698 707 720 734 744 751 751 757 763 767 772 779 806 813 820 837 841 840 837 859 858 856 874 862 846 832 837 835 835 833 842 838 834 852 862 865 856 837 822 803 791 776 762 743 724 713 700 685 666 666 647 618 599 575 548 529 537 554 579 590 602 618 639 645 657 671 691
502 483 469 456 451 438 442 444 447 462 482 501 513 535 551 551 565 580 599 606 628 644 651 665 679 679 686 701 716 730 739 750 758 765 774 786 798 818 823 831 847 851 857 858 876 878 878 878 901 889 868 872 853 850 846 854 848 848 876 878 872 854 834 819 803 791 778 763 763 744 723 711 697 679 663 641 617 597 570 544 541 555 568 579 602 621 633 649 656 656 667 692
516 493 479 466 446 443 445 447 457 455 468 491 500 520 537 541 555 570 586 578 596 618 636 641 657 670 676 694 710 725 731 746 757 766 777 797 810 821 829 840 840 853 862 870 880 885 891 899 914 907 894 898 877 867 859 875 873 872 876 884 869 850 846 831 817 802 788 775 762 738 721 710 696 679 661 638 617 595 563 541 556 569 579 579 603 622 637 654 660 668 676 707
510 487 475 461 446 447 454 457 476 471 468 481 486 486 505 513 530 547 562 572 589 609 627 632 647 662 668 683 701 716 730 744 757 766 766 777 796 809 822 832 843 855 867 875 883 890 901 911 926 922 913 917 905 892 881 903 903 900 900 889 877 861 842 828 811 798 784 770 759 730 717 708 695 675 656 636 616 615 592 562 554 569 580 589 618 637 647 665 673 679 691 717
502 480 468 455 446 455 463 463 488 494 490 481 499 495 496 513 520 539 557 567 584 601 618 622 636 654 664 677 677 695 713 731 744 757 764 774 791 808 821 831 843 850 866 876 884 893 906 919 934 934 934 927 930 922 918 919 915 909 904 878 867 854 838 823 803 792 776 765 754 730 713 713 703 681 671 655 635 612 587 558 565 580 591 602 631 647 658 665 685 694 709 720
494 484 470 460 451 456 464 474 496 503 505 502 518 514 505 506 516 531 551 562 578 594 594 599 615 629 653 666 679 695 717 731 744 756 762 769 782 803 818 827 838 844 861 875 872 883 894 909 925 938 944 939 940 929 923 922 917 904 891 868 859 849 832 813 795 795 777 766 758 743 717 707 692 677 669 652 633 607 582 557 580 594 608 618 642 657 672 672 690 697 708 716
495 471 462 454 450 462 472 483 496 513 520 521 531 529 526 516 533 524 526 538 556 571 585 599 616 631 653 671 684 700 717 730 743 755 760 767 779 799 799 812 823 825 836 854 872 882 895 912 926 939 946 948 956 941 926 923 913 894 881 874 861 852 844 826 806 788 771 757 748 732 711 697 685 675 665 647 631 601 576 561 580 595 611 625 643 653 670 683 696 707 713 714
482 461 455 450 452 467 476 489 501 522 522 530 548 549 546 541 547 537 529 537 549 566 581 600 618 636 656 672 686 702 717 728 728 741 748 759 767 775 787 802 815 811 827 849 868 880 896 913 927 940 950 956 969 969 956 939 923 906 888 868 853 846 838 819 804 786 767 750 739 721 705 692 684 674 674 661 644 617 595 575 577 612 623 636 654 666 680 688 702 711 715 711
467 461 450 450 450 469 474 482 494 513 528 541 562 565 562 557 565 554 541 537 545 563 581 601 620 637 637 654 670 686 699 713 726 737 744 755 765 775 776 785 800 805 826 847 865 883 900 900 918 928 940 951 968 976 968 939 923 898 883 865 850 841 832 815 798 783 762 745 745 731 713 703 692 684 672 656 638 612 590 581 597 624 634 645 666 678 687 693 709 716 716 719
462 458 451 453 460 479 486 492 501 521 538 554 562 577 577 572 579 570 556 546 561 549 557 572 597 619 633 649 669 683 699 708 722 734 738 748 758 767 760 771 783 791 815 834 850 874 888 904 918 929 941 953 971 979 966 940 919 895 880 862 850 840 840 829 814 793 778 760 742 726 711 702 692 684 667 651 631 607 590 599 615 635 644 654 654 677 687 697 715 719 723 719
459 453 458 463 472 487 496 505 512 534 549 561 571 588 588 590 599 594 585 576 579 561 555 567 591 615 631 643 664 678 695 700 715 727 726 726 738 746 751 760 773 811 827 844 858 881 894 908 920 930 941 954 974 978 958 940 937 914 892 877 862 851 840 831 816 795 775 761 743 722 710 700 691 682 660 647 626 606 606 607 618 637 643 652 664 689 700 710 724 731 730 717
456 456 462 469 478 487 509 509 516 535 547 557 571 591 598 601 617 611 601 589 598 583 563 567 581 608 624 637 659 659 673 679 689 703 709 722 732 741 762 773 790 811 836 852 867 885 897 910 921 931 931 942 963 977 974 952 931 907 889 877 862 851 840 831 820 800 781 762 741 720 710 696 696 685 667 656 645 624 616 624 631 645 651 663 676 702 712 718 738 740 733 718
458 458 462 466 475 485 510 521 527 548 556 568 581 601 611 618 629 626 617 608 615 602 586 586 590 584 598 604 629 651 668 673 683 694 715 727 739 750 774 786 808 821 843 859 859 874 887 899 913 923 934 947 969 974 964 945 921 901 887 876 861 849 839 831 821 804 804 785 761 740 722 710 694 678 665 656 644 623 630 635 641 654 661 674 687 711 720 720 742 746 748 740
462 460 464 471 482 495 521 531 538 559 568 578 589 613 623 629 629 647 643 635 640 629 617 602 604 596 592 602 619 642 662 672 686 699 715 736 751 763 770 780 797 815 829 845 860 872 889 901 913 925 939 957 969 969 956 940 910 894 885 874 871 858 846 836 830 818 804 779 757 739 722 707 692 677 666 656 646 629 645 652 653 668 667 674 685 710 720 732 742 751 751 744
462 462 468 480 493 509 531 543 552 571 579 579 588 612 624 634 641 662 660 650 654 643 631 616 622 614 606 602 616 635 655 674 674 692 707 730 744 758 767 778 790 811 822 844 858 872 888 902 914 929 946 962 970 965 965 948 921 902 890 882 867 854 843 836 826 812 796 776 758 742 722 703 689 677 666 666 656 649 662 666 668 668 681 686 696 717 732 741 748 756 757 749
464 465 477 490 506 506 526 540 555 563 580 591 601 623 634 646 658 675 674 666 670 656 645 632 639 632 632 625 630 622 634 658 677 695 712 733 746 758 755 767 777 797 818 836 853 868 887 904 904 918 935 950 965 970 959 939 913 899 889 880 865 850 840 834 819 802 789 775 761 761 743 721 705 689 676 666 662 663 681 680 680 679 690 696 704 725 738 746 753 762 762 762
