SW-DBSCAN/elevation.asc
ncols        791
nrows        808
xllcorner    449806.000000000000
yllcorner    4609726.000000000000
cellsize     30.000000000000
NODATA_value  -9999
[rows 205 to 245 of 808, columns 276 to 367 of 791]
1489 1488 1499 1512 1529 1542 1560 1578 1591 1610 1627 1645 1640 1660 1677 1693 1692 1697 1691 1682 1681 1675 1671 1673 1672 1675 1678 1686 1683 1679 1687 1693 1697 1693 1691 1681 1669 1646 1631 1619 1608 1585 1578 1569 1561 1535 1521 1507 1481 1469 1455 1440 1416 1399 1382 1374 1364 1370 1383 1387 1393 1400 1407 1408 1421 1428 1427 1440 1449 1454 1451 1466 1476 1465 1466 1462 1454 1451 1441 1431 1419 1400 1389 1379 1371 1371 1368 1363 1350 1344 1339 1333
1479 1488 1492 1507 1523 1543 1543 1565 1582 1596 1610 1625 1636 1653 1669 1682 1677 1685 1685 1682 1685 1678 1673 1677 1678 1681 1684 1695 1695 1690 1693 1696 1699 1699 1679 1667 1655 1646 1614 1604 1597 1569 1561 1553 1544 1516 1505 1491 1466 1466 1457 1446 1425 1409 1390 1374 1357 1366 1378 1376 1380 1384 1393 1396 1405 1413 1420 1428 1434 1438 1441 1441 1454 1461 1448 1455 1456 1445 1439 1428 1414 1393 1381 1371 1363 1363 1360 1356 1345 1341 1338 1333
1460 1468 1477 1492 1507 1525 1544 1566 1584 1592 1606 1621 1629 1643 1657 1668 1664 1674 1682 1686 1688 1682 1682 1680 1680 1684 1688 1697 1699 1697 1707 1703 1699 1693 1670 1653 1642 1628 1601 1590 1577 1551 1544 1544 1536 1506 1496 1486 1461 1455 1447 1438 1417 1402 1383 1368 1350 1357 1369 1364 1366 1368 1380 1379 1387 1387 1395 1406 1412 1415 1414 1432 1442 1445 1432 1441 1447 1434 1433 1422 1406 1386 1374 1363 1355 1354 1354 1352 1342 1340 1339 1337
1455 1462 1477 1492 1507 1522 1542 1560 1578 1585 1599 1614 1629 1633 1644 1653 1641 1651 1662 1675 1679 1684 1683 1677 1681 1686 1692 1697 1700 1705 1707 1699 1692 1682 1661 1644 1625 1625 1611 1590 1573 1545 1532 1523 1518 1482 1476 1469 1461 1444 1436 1428 1409 1394 1377 1361 1344 1349 1358 1348 1352 1354 1355 1357 1363 1378 1395 1388 1390 1396 1405 1422 1430 1429 1418 1427 1431 1419 1426 1416 1416 1393 1379 1365 1355 1348 1346 1344 1338 1337 1336 1335
1453 1463 1475 1489 1505 1522 1536 1550 1569 1576 1576 1590 1604 1607 1620 1630 1627 1639 1651 1668 1672 1675 1677 1677 1680 1686 1691 1694 1699 1706 1706 1698 1690 1680 1658 1649 1635 1621 1600 1580 1562 1545 1520 1501 1488 1466 1460 1456 1451 1433 1426 1420 1401 1401 1387 1372 1352 1338 1339 1348 1342 1342 1346 1343 1353 1370 1381 1369 1373 1384 1397 1410 1412 1412 1397 1406 1410 1414 1403 1413 1409 1388 1373 1357 1347 1341 1340 1339 1335 1334 1333 1333
1452 1463 1471 1485 1485 1500 1511 1526 1540 1548 1565 1579 1594 1594 1604 1617 1612 1628 1646 1662 1660 1663 1667 1674 1680 1680 1686 1686 1690 1695 1700 1690 1682 1668 1646 1632 1622 1613 1589 1574 1556 1538 1514 1496 1480 1458 1448 1448 1444 1425 1421 1416 1400 1392 1380 1367 1348 1335 1328 1336 1330 1328 1335 1328 1344 1359 1367 1352 1352 1359 1374 1389 1396 1392 1385 1390 1394 1396 1391 1401 1401 1383 1367 1349 1341 1337 1336 1336 1332 1332 1331 1331
1440 1449 1455 1466 1478 1494 1502 1515 1531 1539 1555 1567 1580 1578 1588 1599 1612 1622 1642 1642 1644 1647 1652 1663 1670 1678 1684 1682 1686 1691 1692 1678 1674 1662 1646 1620 1610 1601 1575 1564 1564 1549 1525 1509 1491 1469 1455 1441 1430 1413 1408 1405 1400 1380 1371 1360 1343 1332 1322 1325 1319 1318 1318 1314 1320 1334 1347 1333 1339 1357 1374 1379 1378 1375 1372 1376 1379 1381 1380 1390 1395 1381 1364 1364 1346 1331 1332 1332 1333 1329 1328 1328
1436 1445 1450 1460 1472 1486 1493 1506 1522 1530 1545 1556 1567 1554 1564 1573 1587 1598 1619 1636 1631 1636 1649 1661 1662 1671 1679 1682 1685 1683 1680 1662 1659 1650 1650 1627 1613 1596 1570 1560 1553 1540 1516 1503 1486 1468 1451 1437 1423 1405 1395 1391 1387 1368 1361 1353 1343 1336 1328 1318 1310 1312 1312 1310 1314 1324 1330 1323 1340 1357 1371 1367 1363 1363 1358 1361 1365 1365 1357 1369 1381 1392 1384 1365 1345 1327 1328 1329 1330 1325 1324 1324
1432 1441 1445 1455 1467 1481 1485 1485 1498 1514 1520 1532 1543 1538 1548 1562 1579 1597 1617 1627 1619 1632 1644 1654 1652 1664 1674 1682 1685 1682 1671 1646 1646 1641 1634 1614 1601 1585 1561 1548 1537 1527 1505 1496 1483 1468 1448 1432 1418 1399 1399 1386 1376 1361 1355 1349 1332 1328 1320 1312 1303 1305 1307 1310 1305 1312 1315 1325 1342 1356 1364 1354 1353 1349 1339 1343 1347 1349 1351 1362 1378 1392 1384 1365 1342 1324 1324 1325 1326 1320 1319 1320
1428 1428 1432 1442 1453 1464 1469 1477 1490 1504 1508 1520 1529 1524 1540 1559 1577 1593 1608 1615 1613 1625 1625 1634 1637 1651 1667 1678 1685 1675 1657 1635 1630 1626 1621 1598 1589 1576 1553 1538 1524 1513 1494 1485 1485 1476 1454 1439 1423 1399 1392 1382 1372 1355 1345 1337 1327 1321 1315 1308 1298 1298 1303 1305 1299 1299 1302 1312 1326 1341 1351 1341 1340 1334 1329 1333 1336 1341 1352 1365 1381 1394 1381 1362 1339 1321 1319 1319 1320 1316 1315 1314
1415 1424 1432 1441 1452 1461 1463 1471 1482 1494 1495 1506 1513 1521 1537 1556 1556 1570 1586 1597 1602 1605 1614 1622 1639 1654 1671 1680 1681 1666 1648 1624 1610 1608 1605 1580 1573 1564 1564 1544 1533 1518 1499 1486 1474 1467 1441 1423 1407 1387 1384 1379 1370 1354 1343 1334 1327 1320 1313 1313 1302 1294 1291 1297 1294 1292 1298 1308 1321 1332 1340 1328 1325 1323 1329 1325 1331 1340 1355 1368 1384 1384 1388 1375 1358 1340 1323 1314 1315 1310 1310 1309
1413 1423 1432 1441 1448 1456 1458 1464 1473 1483 1471 1481 1491 1502 1516 1532 1550 1564 1580 1585 1594 1594 1609 1625 1640 1655 1673 1683 1673 1656 1639 1624 1614 1597 1588 1564 1561 1556 1551 1531 1523 1511 1487 1474 1464 1454 1425 1410 1393 1387 1376 1372 1367 1360 1349 1339 1331 1321 1315 1309 1297 1289 1284 1291 1287 1284 1294 1308 1309 1319 1325 1319 1317 1316 1320 1316 1324 1332 1344 1357 1369 1382 1381 1370 1356 1340 1330 1315 1308 1304 1304 1303
1416 1424 1432 1437 1437 1444 1445 1450 1455 1462 1458 1465 1478 1498 1509 1526 1545 1557 1570 1574 1585 1591 1610 1627 1639 1654 1654 1668 1676 1663 1651 1632 1603 1584 1570 1547 1542 1540 1535 1513 1506 1497 1471 1458 1445 1437 1407 1407 1395 1382 1360 1362 1364 1353 1345 1335 1327 1316 1309 1303 1289 1283 1277 1283 1276 1275 1286 1298 1296 1296 1306 1312 1310 1308 1312 1315 1324 1334 1345 1356 1367 1379 1379 1370 1358 1343 1338 1320 1306 1297 1297 1297
1412 1418 1423 1424 1432 1438 1445 1439 1445 1452 1445 1455 1472 1492 1499 1517 1537 1549 1559 1563 1563 1572 1590 1607 1625 1638 1653 1667 1665 1655 1642 1619 1594 1575 1559 1533 1524 1520 1517 1494 1488 1488 1481 1454 1438 1427 1402 1390 1381 1369 1346 1345 1350 1345 1345 1336 1324 1311 1302 1294 1289 1274 1270 1270 1264 1265 1268 1278 1286 1296 1304 1306 1302 1305 1309 1314 1324 1335 1345 1354 1365 1378 1380 1377 1377 1367 1362 1345 1327 1315 1295 1290
1411 1416 1419 1416 1424 1431 1434 1429 1437 1441 1436 1451 1465 1482 1474 1493 1514 1524 1538 1545 1555 1568 1585 1603 1621 1634 1650 1664 1659 1646 1626 1608 1583 1564 1550 1536 1522 1508 1502 1480 1477 1473 1466 1436 1425 1413 1387 1377 1368 1357 1333 1330 1337 1337 1344 1338 1338 1325 1312 1300 1290 1277 1264 1259 1254 1260 1268 1276 1285 1297 1306 1301 1293 1299 1306 1312 1322 1332 1332 1341 1353 1365 1371 1373 1373 1370 1367 1350 1332 1320 1303 1288
1404 1409 1412 1408 1414 1418 1422 1410 1420 1429 1421 1432 1443 1457 1471 1488 1506 1524 1522 1534 1552 1563 1579 1595 1615 1631 1648 1662 1653 1653 1633 1613 1586 1568 1551 1536 1514 1501 1489 1469 1461 1455 1449 1424 1412 1399 1374 1365 1356 1345 1335 1323 1317 1325 1328 1344 1338 1325 1312 1302 1290 1281 1264 1252 1249 1257 1264 1272 1282 1295 1303 1301 1289 1285 1294 1298 1308 1320 1329 1337 1351 1362 1361 1360 1362 1367 1362 1353 1335 1320 1308 1290
1394 1394 1397 1393 1400 1404 1406 1401 1407 1417 1421 1428 1440 1453 1465 1481 1499 1516 1510 1528 1546 1563 1577 1577 1593 1614 1631 1647 1658 1643 1623 1603 1582 1565 1550 1532 1520 1506 1486 1464 1445 1439 1433 1409 1409 1396 1384 1359 1353 1345 1325 1314 1306 1314 1321 1340 1338 1327 1317 1306 1295 1287 1267 1250 1249 1248 1248 1256 1264 1279 1291 1294 1277 1278 1289 1293 1305 1316 1327 1336 1348 1359 1361 1350 1352 1357 1354 1354 1356 1339 1327 1312
1380 1382 1386 1386 1390 1393 1396 1392 1396 1406 1418 1419 1431 1447 1459 1478 1495 1495 1493 1511 1532 1553 1567 1582 1597 1617 1634 1647 1653 1637 1618 1600 1583 1569 1553 1537 1515 1503 1503 1478 1461 1439 1423 1401 1396 1383 1369 1347 1341 1335 1315 1306 1296 1304 1315 1334 1336 1333 1322 1312 1312 1304 1290 1270 1248 1230 1236 1251 1260 1271 1280 1282 1265 1274 1283 1287 1299 1313 1325 1332 1343 1343 1354 1350 1343 1342 1339 1347 1352 1341 1330 1316
1366 1369 1377 1386 1381 1383 1387 1386 1389 1396 1409 1396 1409 1425 1436 1453 1473 1483 1492 1515 1535 1553 1567 1584 1601 1619 1637 1648 1651 1633 1617 1600 1596 1578 1561 1545 1518 1502 1489 1478 1449 1432 1413 1385 1382 1372 1358 1337 1329 1322 1305 1296 1290 1298 1295 1312 1330 1340 1336 1326 1316 1302 1287 1268 1245 1223 1226 1244 1248 1257 1264 1269 1257 1268 1277 1277 1282 1295 1309 1312 1322 1335 1349 1343 1337 1335 1332 1341 1347 1343 1333 1319
1355 1359 1368 1376 1372 1372 1376 1374 1379 1381 1387 1389 1406 1421 1426 1446 1464 1473 1494 1514 1533 1551 1566 1584 1602 1619 1619 1636 1649 1645 1630 1611 1585 1569 1553 1537 1509 1493 1473 1459 1431 1419 1403 1374 1369 1362 1350 1332 1332 1322 1307 1299 1289 1283 1292 1308 1329 1342 1334 1325 1315 1294 1279 1261 1242 1215 1212 1233 1240 1240 1247 1251 1243 1251 1261 1272 1282 1293 1303 1300 1312 1331 1343 1335 1330 1326 1327 1337 1344 1344 1334 1334
1340 1345 1353 1361 1361 1364 1366 1366 1370 1374 1382 1388 1399 1412 1426 1435 1453 1472 1486 1506 1506 1526 1544 1564 1582 1600 1618 1634 1649 1638 1620 1600 1585 1556 1539 1523 1497 1485 1467 1446 1422 1407 1407 1383 1366 1353 1351 1335 1327 1316 1307 1289 1276 1274 1285 1302 1323 1336 1324 1315 1306 1280 1266 1266 1249 1218 1200 1198 1223 1232 1238 1239 1235 1244 1257 1270 1277 1285 1292 1295 1312 1331 1339 1327 1322 1322 1320 1324 1333 1342 1344 1336
1332 1339 1346 1354 1352 1356 1362 1362 1366 1371 1377 1381 1388 1399 1399 1407 1427 1445 1458 1476 1498 1523 1543 1561 1581 1598 1617 1632 1647 1634 1616 1593 1574 1549 1529 1512 1507 1484 1469 1457 1433 1416 1399 1377 1362 1346 1337 1322 1318 1307 1297 1273 1262 1268 1275 1292 1313 1313 1307 1304 1298 1274 1266 1251 1234 1201 1187 1187 1215 1223 1227 1230 1231 1240 1253 1267 1267 1273 1273 1283 1297 1314 1330 1323 1318 1313 1315 1321 1331 1339 1342 1336
1323 1332 1340 1346 1342 1348 1357 1362 1357 1360 1362 1363 1370 1376 1390 1406 1420 1435 1454 1478 1498 1522 1543 1561 1580 1598 1616 1631 1642 1641 1634 1616 1592 1573 1550 1528 1506 1484 1462 1445 1419 1401 1389 1377 1352 1338 1323 1308 1303 1293 1283 1267 1256 1252 1251 1263 1281 1299 1287 1285 1278 1274 1246 1231 1215 1185 1173 1183 1209 1210 1219 1225 1222 1226 1234 1246 1248 1257 1268 1283 1299 1314 1326 1315 1309 1306 1312 1319 1328 1336 1338 1333
1323 1324 1324 1331 1329 1334 1342 1351 1346 1350 1352 1354 1361 1369 1386 1403 1414 1432 1454 1478 1498 1524 1543 1543 1560 1580 1599 1615 1630 1648 1633 1615 1594 1569 1549 1527 1506 1483 1460 1437 1419 1399 1380 1365 1338 1338 1326 1300 1290 1288 1279 1255 1249 1246 1251 1255 1273 1286 1270 1261 1257 1255 1223 1210 1197 1163 1163 1163 1180 1183 1203 1216 1222 1217 1226 1238 1238 1253 1269 1284 1299 1314 1319 1304 1297 1300 1309 1316 1316 1326 1334 1334
1310 1310 1317 1323 1318 1326 1336 1341 1337 1342 1345 1361 1370 1378 1388 1400 1417 1417 1437 1466 1486 1503 1525 1544 1562 1580 1601 1617 1632 1641 1624 1606 1587 1562 1544 1525 1506 1481 1459 1459 1437 1420 1400 1377 1357 1337 1316 1293 1277 1273 1267 1247 1243 1239 1242 1249 1265 1271 1249 1240 1240 1233 1203 1195 1185 1151 1140 1156 1171 1176 1199 1208 1211 1211 1220 1229 1239 1255 1270 1284 1297 1310 1310 1302 1294 1288 1296 1302 1312 1322 1331 1332
1301 1303 1309 1314 1310 1318 1326 1332 1331 1337 1346 1346 1372 1383 1389 1403 1409 1422 1444 1467 1487 1506 1526 1546 1563 1582 1604 1618 1635 1641 1612 1594 1578 1568 1551 1535 1518 1492 1474 1455 1433 1417 1400 1378 1349 1332 1312 1293 1272 1258 1253 1239 1236 1233 1233 1229 1242 1253 1241 1233 1221 1210 1176 1164 1159 1151 1120 1141 1152 1170 1186 1190 1200 1203 1214 1224 1228 1241 1254 1267 1276 1294 1305 1302 1281 1284 1293 1298 1309 1319 1330 1329
1295 1297 1301 1306 1301 1301 1308 1312 1316 1333 1345 1356 1381 1393 1400 1415 1422 1431 1447 1468 1484 1505 1528 1548 1566 1586 1607 1607 1621 1637 1625 1606 1586 1559 1543 1528 1510 1483 1465 1447 1423 1406 1390 1371 1340 1326 1309 1290 1286 1267 1247 1230 1230 1229 1226 1221 1233 1242 1226 1215 1203 1189 1157 1141 1134 1130 1104 1118 1135 1157 1157 1169 1178 1187 1202 1214 1225 1236 1247 1260 1272 1291 1296 1290 1272 1279 1289 1300 1310 1321 1328 1324
1285 1288 1293 1296 1297 1291 1293 1304 1328 1345 1362 1369 1392 1400 1408 1425 1435 1443 1454 1481 1493 1493 1510 1537 1553 1570 1596 1612 1625 1637 1615 1596 1577 1549 1534 1519 1501 1475 1458 1439 1423 1394 1394 1376 1346 1331 1318 1303 1278 1259 1238 1222 1221 1220 1216 1207 1220 1228 1226 1198 1187 1174 1142 1121 1121 1111 1087 1080 1100 1123 1139 1154 1171 1185 1201 1214 1225 1225 1238 1254 1272 1286 1284 1272 1270 1270 1279 1292 1302 1312 1320 1321
1280 1280 1286 1287 1287 1280 1296 1312 1334 1356 1374 1386 1401 1407 1415 1415 1434 1444 1456 1478 1490 1503 1520 1546 1560 1577 1600 1615 1627 1633 1604 1584 1567 1549 1524 1510 1510 1480 1465 1448 1432 1403 1380 1362 1335 1319 1306 1294 1267 1251 1233 1222 1205 1203 1200 1193 1204 1213 1213 1189 1177 1169 1138 1126 1108 1090 1063 1069 1096 1123 1119 1144 1166 1176 1191 1205 1215 1222 1236 1236 1253 1271 1278 1268 1258 1270 1281 1292 1303 1313 1319 1318
1275 1272 1273 1274 1274 1282 1299 1316 1333 1333 1357 1376 1389 1402 1413 1424 1441 1453 1466 1485 1498 1511 1529 1553 1567 1583 1605 1618 1626 1622 1610 1592 1573 1555 1527 1513 1497 1469 1453 1437 1421 1385 1369 1352 1331 1315 1299 1283 1271 1252 1234 1234 1213 1193 1183 1171 1176 1186 1194 1170 1158 1148 1118 1107 1092 1071 1048 1067 1087 1102 1108 1133 1158 1139 1160 1177 1190 1209 1222 1237 1255 1268 1267 1255 1256 1269 1282 1293 1302 1311 1318 1315
1268 1261 1261 1261 1257 1273 1288 1302 1318 1338 1357 1375 1385 1399 1415 1428 1444 1459 1473 1492 1505 1520 1536 1559 1559 1574 1590 1607 1619 1624 1600 1582 1564 1545 1513 1497 1482 1454 1441 1424 1407 1387 1370 1350 1331 1335 1318 1302 1285 1268 1251 1232 1209 1184 1168 1152 1158 1167 1179 1155 1142 1131 1118 1086 1073 1054 1042 1042 1060 1072 1107 1116 1124 1146 1163 1178 1192 1211 1223 1238 1255 1258 1255 1247 1254 1267 1280 1291 1288 1300 1308 1309
1253 1241 1245 1243 1250 1278 1296 1309 1322 1341 1358 1371 1381 1398 1414 1429 1445 1461 1461 1479 1495 1511 1527 1546 1562 1578 1592 1608 1618 1615 1590 1571 1552 1531 1496 1479 1466 1440 1427 1427 1413 1405 1392 1375 1356 1336 1317 1301 1283 1266 1247 1226 1209 1183 1158 1134 1138 1150 1162 1137 1127 1127 1117 1083 1065 1050 1024 1046 1066 1088 1131 1143 1142 1171 1181 1194 1202 1223 1231 1245 1256 1244 1244 1239 1236 1249 1264 1277 1286 1297 1304 1309
1238 1241 1227 1240 1257 1280 1300 1315 1327 1337 1350 1365 1359 1375 1392 1410 1425 1445 1463 1479 1496 1513 1530 1546 1563 1578 1593 1606 1610 1602 1575 1559 1540 1540 1509 1486 1467 1451 1436 1426 1416 1410 1395 1378 1356 1338 1320 1301 1287 1268 1249 1229 1205 1178 1153 1153 1123 1121 1133 1124 1119 1108 1099 1064 1046 1031 1033 1056 1080 1107 1144 1167 1174 1171 1203 1219 1219 1242 1234 1239 1244 1231 1229 1228 1238 1251 1264 1275 1289 1298 1306 1309
1219 1224 1239 1252 1265 1287 1287 1303 1317 1328 1334 1345 1360 1375 1389 1406 1429 1448 1465 1481 1497 1514 1530 1547 1562 1576 1592 1589 1601 1598 1572 1562 1550 1531 1506 1483 1464 1447 1444 1434 1422 1409 1395 1377 1357 1340 1322 1305 1287 1287 1267 1247 1218 1194 1169 1147 1113 1103 1118 1105 1098 1088 1077 1043 1026 1018 1041 1062 1088 1115 1122 1155 1187 1205 1229 1226 1241 1231 1233 1233 1232 1215 1219 1227 1243 1256 1269 1280 1291 1300 1307 1309
1215 1220 1246 1255 1266 1288 1297 1309 1320 1331 1338 1350 1360 1387 1399 1411 1448 1462 1473 1484 1507 1507 1519 1532 1544 1558 1572 1583 1592 1582 1572 1554 1544 1529 1502 1481 1463 1453 1451 1436 1422 1404 1389 1389 1373 1350 1336 1320 1304 1278 1259 1238 1205 1182 1160 1138 1107 1090 1099 1085 1079 1068 1057 1023 1023 1012 1020 1053 1074 1097 1138 1172 1207 1232 1229 1228 1223 1210 1217 1217 1217 1206 1220 1231 1243 1258 1258 1270 1281 1290 1299 1306
1230 1236 1261 1270 1280 1288 1307 1315 1323 1336 1347 1361 1375 1399 1415 1415 1447 1463 1474 1484 1499 1508 1518 1532 1537 1552 1568 1577 1580 1568 1561 1548 1539 1524 1500 1482 1470 1470 1461 1446 1430 1418 1391 1376 1363 1337 1324 1310 1295 1263 1246 1224 1193 1173 1153 1131 1104 1081 1081 1080 1069 1062 1051 1017 1005 1010 1034 1064 1091 1114 1149 1177 1205 1225 1208 1200 1200 1210 1193 1196 1196 1181 1205 1223 1234 1245 1258 1270 1276 1288 1297 1304
1244 1252 1276 1286 1293 1300 1314 1319 1327 1332 1342 1354 1368 1391 1409 1428 1455 1466 1475 1487 1488 1499 1508 1522 1524 1542 1558 1565 1571 1560 1554 1546 1541 1532 1513 1498 1484 1473 1454 1437 1422 1407 1377 1363 1350 1322 1308 1295 1281 1252 1233 1213 1208 1186 1164 1145 1119 1101 1080 1062 1050 1047 1033 999 1000 1019 1042 1068 1097 1124 1140 1164 1191 1207 1191 1184 1177 1178 1164 1170 1170 1185 1208 1223 1233 1246 1255 1265 1274 1286 1295 1294
1259 1267 1290 1290 1297 1303 1316 1319 1324 1336 1347 1359 1374 1396 1417 1440 1455 1452 1461 1474 1476 1487 1495 1507 1512 1512 1529 1536 1554 1563 1554 1538 1532 1525 1513 1493 1479 1466 1446 1430 1413 1397 1367 1352 1337 1313 1313 1298 1283 1262 1245 1227 1208 1180 1156 1137 1114 1095 1076 1056 1036 1030 1017 987 1002 1022 1045 1039 1061 1087 1115 1124 1152 1177 1171 1160 1151 1154 1138 1145 1158 1186 1208 1225 1235 1244 1252 1262 1274 1268 1281 1283
1267 1274 1294 1298 1304 1310 1319 1322 1328 1340 1349 1361 1379 1402 1427 1445 1449 1434 1434 1444 1443 1461 1471 1481 1483 1499 1519 1525 1543 1558 1548 1530 1521 1515 1506 1484 1472 1460 1439 1423 1423 1404 1377 1360 1343 1318 1305 1291 1278 1250 1232 1216 1199 1171 1151 1132 1106 1087 1070 1048 1024 1024 1013 986 980 999 1018 1028 1049 1073 1101 1122 1155 1175 1151 1138 1127 1128 1113 1132 1159 1171 1194 1194 1217 1219 1233 1245 1256 1251 1264 1264
1279 1287 1298 1303 1308 1314 1320 1324 1332 1340 1349 1363 1363 1383 1409 1429 1432 1413 1414 1427 1424 1442 1456 1467 1470 1488 1505 1525 1531 1549 1547 1529 1512 1502 1502 1479 1474 1467 1446 1430 1412 1394 1367 1350 1332 1318 1297 1284 1270 1238 1217 1202 1187 1155 1138 1138 1109 1093 1077 1061 1034 1016 998 986 974 989 1009 1015 1037 1061 1092 1135 1162 1161 1132 1118 1103 1103 1081 1101 1125 1151 1155 1184 1209 1198 1221 1237 1240 1233 1244 1247
1287 1294 1298 1305 1311 1316 1316 1320 1325 1333 1339 1347 1363 1386 1407 1413 1412 1392 1394 1407 1424 1423 1436 1451 1456 1477 1496 1511 1499 1518 1540 1535 1533 1511 1491 1474 1464 1458 1446 1418 1402 1385 1356 1339 1324 1310 1286 1273 1258 1244 1226 1205 1185 1157 1140 1123 1109 1081 1067 1053 1027 1013 999 984 965 979 997 1006 1034 1062 1098 1099 1135 1146 1142 1110 1100 1085 1065 1088 1109 1129 1145 1171 1185 1190 1215 1225 1223 1219 1228 1237
