SW-DBSCAN/elevation.asc
ncols        791
nrows        808
xllcorner    449806.000000000000
yllcorner    4609726.000000000000
cellsize     30.000000000000
NODATA_value  -9999
[rows 246 to 286 of 808, columns 0 to 91 of 791]
1275 1284 1274 1265 1255 1258 1247 1238 1225 1230 1222 1227 1236 1250 1271 1286 1295 1309 1323 1318 1332 1347 1363 1376 1395 1419 1439 1458 1480 1503 1522 1550 1564 1579 1598 1619 1636 1641 1651 1664 1664 1679 1697 1716 1736 1756 1780 1804 1829 1847 1853 1841 1818 1807 1798 1772 1761 1750 1737 1707 1694 1683 1683 1656 1646 1635 1606 1598 1589 1580 1553 1543 1531 1500 1489 1479 1468 1457 1458 1463 1467 1491 1490 1490 1510 1503 1491 1476 1484 1453 1424 1428
1293 1300 1290 1279 1269 1272 1263 1254 1244 1246 1237 1233 1241 1241 1242 1262 1276 1291 1304 1314 1328 1344 1358 1372 1393 1416 1436 1448 1469 1493 1512 1531 1555 1578 1581 1598 1615 1618 1632 1647 1664 1675 1695 1715 1734 1756 1779 1801 1827 1841 1841 1830 1806 1795 1784 1759 1759 1747 1735 1704 1692 1680 1667 1639 1628 1617 1591 1582 1573 1563 1538 1525 1512 1484 1478 1467 1457 1467 1473 1482 1487 1512 1513 1512 1529 1525 1517 1505 1509 1484 1452 1456
1309 1300 1305 1295 1283 1286 1278 1278 1270 1272 1260 1252 1262 1253 1246 1261 1274 1288 1301 1314 1324 1339 1354 1367 1386 1407 1427 1441 1441 1463 1484 1512 1538 1563 1574 1586 1599 1618 1624 1641 1659 1673 1693 1714 1734 1756 1777 1802 1827 1827 1836 1832 1805 1794 1783 1771 1745 1732 1719 1691 1677 1664 1651 1622 1611 1601 1578 1568 1558 1548 1519 1519 1505 1495 1477 1472 1467 1483 1493 1501 1508 1529 1531 1532 1550 1545 1537 1526 1526 1507 1477 1456
1330 1322 1325 1317 1306 1310 1303 1295 1285 1285 1275 1268 1274 1264 1251 1261 1273 1286 1299 1311 1322 1335 1335 1349 1363 1379 1399 1418 1441 1463 1480 1510 1536 1558 1558 1570 1585 1604 1617 1636 1655 1671 1692 1692 1713 1732 1756 1779 1802 1821 1827 1818 1795 1784 1771 1759 1731 1718 1705 1677 1662 1648 1634 1606 1597 1597 1588 1566 1554 1543 1516 1501 1491 1484 1481 1477 1478 1501 1512 1519 1525 1549 1552 1552 1550 1564 1564 1556 1557 1542 1529 1505
1344 1334 1338 1328 1319 1326 1317 1307 1298 1298 1289 1282 1274 1275 1261 1261 1266 1271 1282 1296 1305 1320 1335 1347 1363 1378 1397 1413 1436 1459 1480 1502 1525 1544 1545 1562 1578 1578 1587 1609 1629 1650 1671 1692 1713 1731 1755 1778 1803 1813 1813 1805 1785 1772 1759 1745 1718 1705 1691 1678 1664 1648 1633 1605 1595 1586 1576 1553 1541 1528 1505 1502 1495 1487 1487 1483 1489 1520 1528 1535 1535 1565 1571 1573 1575 1593 1583 1572 1574 1563 1544 1520
1362 1349 1352 1341 1333 1326 1331 1320 1308 1311 1311 1303 1295 1296 1283 1266 1277 1275 1276 1288 1298 1317 1331 1347 1358 1375 1393 1406 1428 1452 1475 1467 1492 1519 1518 1532 1551 1570 1576 1600 1627 1650 1673 1693 1713 1731 1754 1778 1800 1806 1803 1794 1774 1774 1760 1746 1719 1706 1692 1678 1651 1636 1621 1594 1583 1573 1563 1541 1525 1515 1523 1519 1511 1500 1516 1500 1494 1507 1536 1547 1557 1587 1594 1599 1598 1611 1598 1588 1589 1576 1556 1530
1380 1367 1370 1358 1358 1351 1358 1346 1332 1332 1325 1316 1306 1307 1296 1282 1294 1294 1289 1286 1294 1311 1327 1342 1353 1353 1371 1382 1400 1420 1443 1463 1489 1507 1498 1517 1536 1555 1581 1607 1632 1654 1675 1693 1712 1728 1751 1751 1774 1788 1796 1792 1773 1760 1746 1733 1707 1693 1679 1665 1640 1624 1608 1583 1572 1562 1551 1528 1528 1524 1545 1546 1540 1529 1533 1512 1514 1527 1557 1569 1578 1610 1614 1616 1615 1605 1599 1593 1583 1572 1572 1564
1406 1396 1399 1386 1377 1368 1375 1360 1346 1348 1339 1329 1318 1318 1305 1292 1294 1310 1304 1304 1311 1299 1305 1321 1330 1346 1365 1375 1392 1412 1435 1453 1474 1486 1498 1509 1534 1554 1585 1609 1634 1634 1654 1671 1690 1701 1722 1745 1770 1785 1788 1782 1773 1748 1734 1721 1696 1682 1668 1655 1627 1611 1611 1586 1572 1561 1549 1537 1539 1543 1545 1568 1564 1548 1546 1530 1534 1546 1580 1590 1601 1617 1616 1612 1612 1593 1590 1588 1586 1565 1559 1550
1420 1409 1414 1404 1395 1386 1391 1375 1358 1364 1354 1342 1331 1345 1332 1317 1308 1328 1326 1322 1328 1315 1309 1315 1326 1339 1357 1367 1387 1407 1429 1436 1452 1470 1487 1488 1511 1537 1560 1585 1608 1631 1644 1664 1682 1696 1721 1744 1767 1781 1780 1772 1762 1736 1723 1710 1698 1684 1671 1657 1632 1616 1601 1586 1561 1549 1541 1552 1557 1561 1566 1587 1581 1566 1561 1548 1557 1568 1592 1600 1610 1616 1612 1606 1600 1578 1573 1572 1569 1548 1543 1536
1437 1426 1434 1423 1415 1404 1406 1406 1389 1376 1384 1371 1358 1361 1347 1332 1327 1345 1342 1336 1343 1334 1324 1318 1326 1332 1348 1367 1379 1379 1399 1407 1426 1447 1467 1485 1506 1534 1557 1580 1602 1624 1634 1654 1675 1696 1722 1744 1766 1772 1772 1769 1760 1738 1725 1712 1686 1673 1661 1647 1621 1605 1589 1575 1551 1548 1549 1566 1572 1579 1585 1603 1603 1593 1588 1573 1571 1580 1613 1624 1620 1616 1600 1592 1584 1563 1558 1555 1552 1531 1527 1519
1457 1457 1445 1457 1445 1431 1432 1419 1406 1394 1406 1391 1375 1377 1363 1348 1346 1359 1355 1351 1343 1352 1344 1344 1358 1350 1343 1344 1354 1370 1389 1403 1422 1441 1464 1484 1511 1537 1557 1570 1592 1616 1635 1652 1652 1673 1695 1720 1742 1759 1764 1760 1749 1726 1713 1700 1686 1662 1650 1636 1610 1594 1579 1563 1557 1557 1558 1573 1579 1586 1593 1615 1617 1607 1588 1594 1595 1604 1636 1629 1616 1608 1585 1577 1570 1550 1543 1543 1538 1519 1514 1507
1487 1478 1468 1480 1465 1449 1445 1434 1423 1415 1429 1411 1393 1393 1374 1364 1364 1378 1373 1370 1365 1375 1370 1364 1377 1373 1364 1353 1367 1366 1383 1400 1419 1441 1462 1488 1511 1533 1533 1546 1572 1593 1614 1631 1647 1669 1696 1721 1741 1754 1758 1751 1739 1716 1702 1689 1675 1652 1639 1639 1614 1598 1583 1567 1566 1567 1569 1584 1591 1599 1608 1630 1632 1623 1606 1619 1623 1631 1623 1611 1601 1601 1579 1572 1564 1544 1537 1531 1525 1504 1497 1489
1509 1501 1490 1498 1482 1463 1463 1453 1442 1438 1464 1453 1433 1409 1406 1388 1382 1394 1389 1384 1380 1390 1386 1383 1395 1390 1385 1379 1391 1378 1382 1400 1402 1418 1442 1460 1483 1505 1524 1550 1571 1594 1605 1625 1645 1666 1702 1724 1741 1754 1750 1743 1730 1722 1706 1693 1679 1657 1642 1628 1604 1589 1573 1564 1574 1576 1579 1584 1602 1612 1623 1647 1652 1641 1626 1640 1637 1640 1615 1604 1595 1586 1566 1559 1551 1544 1524 1517 1511 1488 1481 1472
1529 1522 1513 1519 1519 1496 1494 1485 1473 1466 1484 1471 1451 1427 1419 1404 1400 1410 1404 1400 1395 1408 1404 1400 1411 1407 1407 1404 1419 1411 1397 1388 1408 1425 1442 1464 1484 1505 1527 1543 1563 1586 1613 1633 1650 1673 1707 1707 1728 1742 1744 1743 1735 1712 1698 1685 1671 1648 1634 1619 1595 1580 1571 1572 1582 1585 1589 1595 1616 1616 1628 1658 1661 1663 1655 1635 1631 1625 1597 1588 1580 1572 1553 1545 1538 1531 1510 1503 1495 1472 1472 1464
1536 1545 1545 1555 1534 1510 1494 1505 1495 1491 1502 1487 1466 1443 1434 1423 1416 1426 1420 1416 1416 1433 1430 1424 1418 1426 1424 1423 1442 1431 1415 1396 1415 1434 1448 1471 1488 1508 1525 1550 1570 1570 1592 1624 1642 1657 1688 1713 1732 1741 1741 1737 1727 1702 1690 1677 1661 1639 1624 1610 1595 1578 1578 1578 1588 1591 1596 1601 1622 1633 1647 1670 1665 1656 1644 1625 1615 1606 1597 1574 1567 1559 1538 1531 1531 1525 1504 1496 1487 1465 1457 1448
1540 1558 1562 1564 1549 1531 1519 1527 1518 1512 1518 1499 1479 1456 1466 1448 1442 1452 1444 1439 1436 1454 1449 1442 1432 1439 1443 1446 1458 1443 1429 1410 1427 1444 1457 1457 1478 1496 1515 1544 1561 1582 1604 1633 1648 1665 1697 1718 1735 1741 1739 1732 1717 1702 1683 1668 1653 1643 1629 1615 1602 1584 1584 1586 1599 1603 1608 1613 1638 1651 1663 1670 1663 1649 1635 1616 1604 1594 1594 1573 1562 1553 1531 1526 1519 1513 1493 1483 1474 1465 1441 1432
1544 1564 1576 1582 1568 1555 1543 1549 1549 1541 1553 1532 1508 1488 1478 1469 1463 1452 1462 1458 1455 1472 1467 1458 1446 1456 1462 1465 1465 1465 1451 1434 1421 1438 1450 1463 1484 1503 1523 1549 1569 1590 1612 1637 1652 1672 1703 1723 1737 1740 1737 1737 1724 1707 1686 1673 1658 1635 1621 1607 1596 1592 1593 1596 1612 1616 1621 1629 1655 1667 1680 1678 1671 1655 1639 1620 1609 1597 1587 1562 1550 1540 1521 1513 1507 1500 1479 1471 1460 1450 1430 1417
1548 1567 1567 1586 1592 1585 1573 1578 1569 1564 1553 1535 1514 1495 1490 1490 1483 1473 1489 1481 1476 1491 1483 1483 1473 1476 1475 1481 1476 1465 1451 1433 1432 1447 1458 1470 1492 1507 1526 1553 1573 1594 1615 1639 1656 1656 1679 1709 1728 1739 1740 1734 1716 1699 1677 1664 1649 1629 1615 1604 1597 1602 1604 1608 1612 1631 1631 1637 1662 1672 1683 1686 1662 1646 1632 1615 1604 1590 1578 1565 1547 1531 1521 1509 1496 1487 1475 1462 1462 1450 1443 1431
1531 1550 1568 1587 1599 1602 1592 1599 1590 1580 1562 1536 1519 1503 1512 1508 1504 1504 1526 1515 1506 1514 1503 1495 1483 1489 1490 1491 1480 1463 1449 1434 1443 1454 1466 1479 1501 1516 1533 1544 1564 1583 1600 1625 1642 1660 1684 1714 1732 1740 1740 1728 1708 1692 1671 1657 1643 1629 1615 1605 1605 1609 1612 1616 1621 1643 1648 1654 1679 1688 1690 1680 1656 1640 1627 1616 1605 1593 1580 1571 1556 1556 1538 1530 1517 1503 1498 1483 1468 1455 1452 1441
1537 1551 1569 1587 1603 1613 1609 1614 1598 1579 1556 1556 1540 1527 1532 1531 1534 1532 1554 1539 1525 1514 1514 1505 1496 1499 1495 1488 1476 1459 1446 1437 1442 1451 1461 1474 1495 1509 1525 1544 1578 1595 1609 1637 1653 1670 1693 1721 1737 1743 1740 1722 1703 1686 1684 1669 1655 1642 1631 1614 1608 1621 1625 1631 1637 1659 1667 1672 1699 1699 1690 1674 1651 1635 1626 1626 1618 1609 1597 1588 1575 1560 1544 1537 1524 1512 1506 1493 1478 1463 1459 1447
1537 1551 1568 1588 1600 1600 1614 1618 1615 1596 1574 1559 1547 1535 1557 1564 1567 1566 1578 1555 1539 1526 1525 1515 1507 1503 1503 1494 1484 1466 1455 1443 1449 1457 1467 1481 1503 1518 1536 1558 1588 1606 1622 1648 1664 1680 1701 1726 1726 1747 1751 1735 1717 1700 1685 1669 1655 1643 1630 1620 1619 1633 1638 1644 1652 1678 1686 1692 1699 1715 1705 1687 1666 1648 1633 1626 1621 1612 1601 1593 1580 1566 1551 1543 1530 1518 1506 1500 1486 1471 1466 1466
1518 1533 1546 1562 1572 1591 1610 1617 1615 1597 1576 1570 1558 1554 1557 1598 1601 1595 1591 1569 1569 1552 1545 1533 1521 1511 1501 1491 1479 1461 1451 1444 1449 1461 1474 1488 1510 1525 1546 1568 1599 1616 1616 1641 1657 1671 1688 1714 1733 1752 1751 1729 1715 1700 1683 1670 1657 1643 1635 1630 1629 1645 1651 1651 1659 1684 1695 1708 1714 1722 1704 1684 1665 1646 1633 1628 1625 1616 1605 1599 1586 1572 1558 1552 1538 1538 1526 1520 1506 1492 1484 1473
1508 1523 1537 1553 1562 1583 1606 1617 1617 1604 1586 1584 1579 1580 1580 1611 1625 1625 1621 1600 1579 1561 1548 1535 1522 1511 1497 1487 1473 1458 1450 1449 1454 1467 1480 1494 1501 1517 1532 1557 1587 1607 1625 1641 1662 1677 1694 1721 1736 1743 1741 1725 1712 1698 1682 1670 1658 1658 1655 1645 1640 1640 1656 1664 1673 1702 1716 1730 1734 1724 1704 1684 1667 1653 1641 1633 1632 1622 1611 1611 1606 1592 1579 1573 1559 1545 1532 1525 1512 1496 1488 1478
1494 1511 1527 1544 1555 1576 1599 1615 1612 1621 1618 1618 1604 1603 1606 1630 1642 1639 1626 1604 1584 1565 1545 1531 1519 1509 1492 1481 1467 1455 1455 1452 1454 1464 1474 1486 1507 1523 1541 1565 1594 1614 1632 1647 1666 1682 1701 1726 1739 1741 1736 1737 1724 1710 1698 1684 1673 1663 1665 1658 1652 1651 1671 1680 1691 1727 1740 1752 1749 1725 1707 1687 1675 1675 1658 1649 1650 1639 1629 1618 1614 1600 1586 1580 1566 1552 1539 1528 1514 1500 1489 1479
1494 1503 1503 1519 1531 1550 1571 1595 1611 1626 1630 1634 1626 1625 1625 1649 1658 1646 1626 1602 1581 1562 1537 1525 1525 1513 1497 1487 1476 1463 1456 1456 1459 1471 1480 1492 1507 1529 1549 1572 1599 1619 1637 1651 1670 1670 1687 1713 1731 1747 1747 1739 1725 1711 1698 1692 1681 1673 1676 1667 1662 1663 1689 1701 1713 1747 1757 1757 1753 1719 1716 1710 1692 1684 1671 1659 1659 1649 1637 1626 1620 1607 1594 1586 1571 1557 1542 1530 1530 1516 1502 1490
1468 1481 1497 1514 1528 1547 1567 1590 1609 1628 1639 1650 1647 1642 1643 1672 1665 1646 1646 1616 1596 1575 1547 1530 1516 1506 1490 1482 1473 1463 1458 1461 1465 1477 1485 1497 1513 1533 1555 1555 1583 1605 1624 1641 1659 1675 1693 1718 1737 1756 1754 1744 1730 1717 1704 1703 1694 1685 1687 1679 1676 1676 1703 1715 1729 1751 1742 1734 1727 1695 1698 1700 1693 1688 1683 1670 1665 1657 1645 1633 1627 1614 1614 1605 1591 1575 1560 1544 1530 1516 1502 1489
1464 1479 1495 1510 1526 1545 1564 1586 1607 1626 1640 1650 1659 1662 1661 1688 1679 1661 1639 1605 1587 1566 1536 1519 1507 1498 1485 1479 1472 1463 1463 1467 1471 1476 1482 1490 1503 1523 1539 1561 1587 1609 1628 1644 1664 1681 1700 1718 1746 1762 1757 1751 1738 1725 1725 1727 1719 1709 1713 1701 1691 1694 1737 1745 1757 1751 1720 1708 1700 1673 1676 1682 1687 1677 1678 1671 1666 1665 1662 1653 1644 1633 1619 1605 1592 1576 1560 1542 1528 1515 1502 1487
1462 1477 1493 1509 1525 1525 1542 1561 1582 1604 1622 1640 1659 1673 1683 1686 1670 1648 1626 1595 1577 1555 1536 1511 1501 1490 1482 1482 1477 1470 1466 1469 1472 1481 1485 1495 1507 1528 1545 1566 1587 1613 1632 1648 1671 1688 1707 1725 1731 1753 1765 1774 1763 1752 1740 1749 1738 1728 1713 1719 1716 1725 1753 1757 1746 1733 1697 1688 1680 1655 1655 1657 1664 1650 1657 1664 1666 1659 1662 1657 1644 1636 1622 1607 1592 1576 1558 1538 1525 1512 1499 1496
1445 1460 1477 1493 1509 1524 1541 1560 1579 1601 1621 1639 1657 1676 1689 1675 1655 1635 1614 1584 1566 1566 1545 1521 1507 1497 1488 1481 1476 1470 1471 1474 1477 1485 1491 1501 1513 1534 1550 1571 1592 1617 1617 1637 1659 1677 1695 1713 1739 1759 1773 1783 1775 1767 1759 1760 1753 1738 1730 1731 1732 1739 1736 1734 1734 1723 1690 1679 1668 1643 1634 1637 1642 1629 1639 1646 1654 1645 1650 1651 1637 1633 1620 1607 1589 1589 1572 1548 1533 1521 1508 1492
1443 1461 1478 1494 1508 1524 1540 1558 1577 1599 1618 1637 1655 1674 1688 1688 1660 1642 1620 1589 1574 1560 1540 1519 1506 1496 1487 1481 1476 1471 1476 1478 1482 1485 1499 1508 1508 1529 1540 1556 1574 1601 1623 1642 1665 1684 1701 1720 1745 1763 1778 1783 1780 1777 1764 1748 1740 1733 1733 1714 1713 1718 1712 1716 1714 1703 1674 1661 1651 1643 1612 1613 1622 1609 1618 1627 1636 1628 1635 1635 1621 1622 1621 1614 1593 1582 1566 1548 1526 1514 1503 1487
1449 1466 1481 1496 1509 1526 1542 1558 1577 1577 1598 1618 1637 1654 1673 1680 1647 1629 1607 1581 1565 1552 1535 1518 1506 1496 1489 1483 1477 1474 1478 1480 1484 1487 1500 1508 1518 1540 1550 1561 1578 1607 1629 1648 1673 1689 1705 1725 1749 1765 1778 1781 1769 1763 1759 1735 1730 1725 1720 1698 1697 1703 1695 1697 1695 1687 1658 1646 1635 1625 1591 1590 1601 1580 1589 1599 1608 1600 1609 1616 1601 1604 1604 1601 1581 1573 1558 1541 1518 1507 1497 1481
1458 1482 1488 1488 1499 1515 1528 1543 1559 1581 1600 1619 1641 1657 1665 1663 1635 1616 1597 1575 1561 1547 1532 1521 1521 1508 1499 1492 1485 1479 1484 1486 1489 1494 1509 1517 1529 1552 1561 1572 1585 1616 1637 1655 1673 1693 1693 1709 1730 1750 1764 1771 1759 1749 1741 1716 1712 1711 1705 1682 1681 1687 1695 1679 1676 1670 1642 1642 1631 1620 1591 1578 1565 1557 1570 1580 1591 1581 1588 1596 1601 1584 1586 1585 1567 1563 1549 1532 1507 1507 1498 1482
1469 1493 1499 1503 1506 1527 1536 1549 1563 1587 1606 1624 1647 1661 1664 1653 1621 1603 1603 1588 1578 1565 1553 1547 1529 1512 1502 1495 1487 1482 1490 1493 1497 1502 1519 1530 1541 1562 1572 1585 1585 1606 1624 1643 1661 1682 1694 1708 1728 1750 1762 1764 1751 1739 1725 1716 1696 1693 1690 1667 1667 1667 1672 1659 1659 1657 1633 1625 1617 1604 1577 1564 1549 1557 1549 1562 1572 1561 1569 1574 1580 1563 1565 1565 1548 1551 1547 1536 1509 1497 1488 1482
1486 1493 1515 1520 1522 1545 1553 1562 1572 1598 1613 1630 1637 1654 1663 1659 1632 1612 1600 1588 1591 1581 1563 1555 1535 1517 1505 1497 1488 1488 1497 1500 1505 1510 1520 1531 1541 1551 1572 1583 1594 1615 1632 1650 1666 1683 1694 1708 1724 1748 1761 1760 1741 1728 1713 1713 1683 1677 1676 1654 1650 1653 1656 1639 1639 1637 1616 1611 1600 1588 1563 1549 1529 1534 1532 1544 1554 1534 1543 1549 1554 1539 1542 1545 1527 1528 1530 1523 1499 1488 1479 1473
1500 1508 1528 1535 1540 1566 1566 1574 1580 1605 1611 1622 1637 1659 1663 1655 1629 1617 1611 1601 1607 1595 1577 1559 1538 1520 1507 1500 1500 1492 1495 1505 1508 1512 1530 1540 1550 1561 1579 1590 1602 1621 1636 1653 1668 1682 1693 1706 1724 1723 1747 1760 1749 1732 1715 1699 1669 1659 1657 1634 1634 1637 1639 1620 1619 1618 1616 1590 1582 1573 1558 1547 1534 1515 1492 1510 1524 1516 1523 1530 1534 1518 1521 1523 1527 1509 1513 1510 1489 1478 1469 1464
1502 1513 1528 1539 1548 1571 1584 1593 1599 1620 1626 1634 1647 1668 1665 1648 1641 1633 1624 1615 1621 1621 1605 1581 1559 1540 1524 1516 1505 1499 1502 1513 1515 1521 1537 1547 1557 1568 1585 1596 1608 1624 1638 1638 1654 1664 1678 1690 1704 1723 1747 1760 1741 1724 1706 1688 1660 1642 1636 1615 1614 1618 1618 1599 1599 1600 1599 1578 1573 1566 1539 1529 1517 1496 1476 1490 1504 1496 1506 1511 1515 1497 1496 1500 1504 1487 1487 1496 1486 1478 1468 1460
1506 1517 1531 1543 1557 1571 1592 1605 1614 1633 1640 1649 1658 1681 1670 1670 1670 1659 1647 1637 1645 1630 1604 1581 1564 1545 1530 1522 1509 1508 1511 1519 1522 1529 1542 1552 1563 1563 1578 1589 1599 1611 1624 1637 1651 1659 1672 1685 1704 1729 1751 1757 1732 1716 1697 1678 1652 1636 1636 1620 1596 1595 1597 1579 1581 1581 1580 1562 1556 1549 1521 1511 1498 1482 1462 1474 1486 1496 1490 1496 1496 1481 1477 1475 1476 1463 1471 1479 1472 1468 1459 1452
1500 1514 1525 1542 1559 1576 1591 1609 1623 1627 1644 1656 1667 1696 1695 1683 1689 1675 1662 1653 1653 1632 1609 1587 1570 1550 1534 1523 1513 1514 1516 1520 1523 1528 1536 1546 1556 1567 1581 1591 1601 1611 1626 1635 1647 1656 1672 1688 1708 1738 1756 1749 1741 1720 1704 1687 1657 1641 1626 1608 1584 1575 1577 1561 1563 1565 1564 1543 1539 1530 1501 1491 1477 1464 1447 1446 1459 1469 1468 1477 1481 1464 1460 1455 1457 1448 1457 1467 1472 1457 1447 1440
1491 1506 1516 1516 1535 1554 1567 1588 1607 1623 1647 1669 1686 1715 1715 1702 1689 1691 1683 1672 1657 1639 1613 1592 1574 1574 1554 1537 1524 1515 1518 1523 1527 1531 1536 1551 1561 1571 1584 1595 1605 1615 1628 1637 1647 1661 1661 1677 1695 1727 1750 1759 1741 1713 1693 1674 1648 1631 1617 1600 1574 1562 1556 1540 1546 1547 1547 1524 1524 1517 1509 1482 1471 1456 1428 1430 1441 1456 1455 1463 1467 1446 1439 1436 1438 1433 1444 1457 1464 1452 1446 1435
1461 1480 1487 1507 1526 1547 1560 1582 1602 1617 1644 1675 1699 1729 1736 1729 1705 1713 1704 1704 1684 1663 1641 1616 1593 1573 1554 1537 1525 1518 1520 1524 1529 1533 1540 1554 1565 1574 1588 1599 1599 1610 1622 1632 1641 1650 1664 1680 1702 1741 1760 1757 1736 1708 1686 1665 1643 1625 1609 1591 1565 1551 1551 1537 1515 1519 1525 1500 1498 1495 1489 1462 1451 1437 1408 1411 1423 1440 1438 1447 1450 1446 1422 1422 1419 1407 1421 1435 1448 1444 1434 1423
1446 1468 1476 1496 1517 1538 1553 1578 1597 1617 1645 1679 1707 1707 1730 1757 1750 1751 1736 1710 1685 1663 1638 1614 1591 1571 1552 1536 1527 1520 1521 1526 1530 1535 1535 1546 1557 1568 1580 1591 1602 1612 1625 1635 1643 1652 1671 1690 1714 1755 1763 1750 1729 1701 1680 1662 1658 1643 1623 1605 1579 1563 1543 1522 1495 1490 1496 1472 1474 1472 1468 1443 1434 1421 1389 1394 1404 1404 1405 1421 1429 1431 1410 1403 1401 1396 1411 1428 1442 1436 1421 1409
